0	0.00002
0.4	0.00039
0.8	0.00087
1.2	0.00135
1.6	0.00171
2	0.00213
2.4	0.00252
2.8	0.00290
3.2	0.00329
3.6	0.00371
4	0.00410
4.4	0.00448
4.8	0.00491
5.2	0.00529
5.6	0.00570
6	0.00609
6.4	0.00649
6.8	0.00689
7.2	0.00729
7.6	0.00770
8	0.00809
8.4	0.00849
8.8	0.00891
9.2	0.00930
9.6	0.00968
10	0.01009
10.4	0.01049
10.8	0.01089
11.2	0.01130
11.6	0.01168
12	0.01210
12.4	0.01249
12.8	0.01290
13.2	0.01330
13.6	0.01369
14	0.01409
14.4	0.01449
14.8	0.01490
15.2	0.01529
15.6	0.01570
16	0.01608
16.4	0.01649
16.8	0.01692
17.2	0.01728
17.6	0.01768
18	0.01811
18.4	0.01850
18.8	0.01888
19.2	0.01929
19.6	0.01970
20	0.02003
20.4	0.01996
20.8	0.02001
21.2	0.01994
21.6	0.01999
22	0.02000
22.4	0.01999
22.8	0.01997
23.2	0.01998
23.6	0.01997
24	0.01998
24.4	0.01999
24.8	0.01999
25.2	0.01997
25.6	0.01998
26	0.01997
26.4	0.01997
26.8	0.01998
27.2	0.01998
27.6	0.01999
28	0.01998
28.4	0.01999
28.8	0.01998
29.2	0.01999
29.6	0.01999
30	0.01999
30.4	0.01999
30.8	0.01997
31.2	0.01995
31.6	0.01997
32	0.01997
32.4	0.01997
32.8	0.01998
33.2	0.02000
33.6	0.01999
34	0.01999
34.4	0.01998
34.8	0.01999
35.2	0.01999
35.6	0.01997
36	0.01996
36.4	0.01996
36.8	0.01997
37.2	0.01998
37.6	0.01999
38	0.01998
38.4	0.01997
38.8	0.01996
39.2	0.01998
39.6	0.01999
40	0.01998
60	0.01998
80	0.01999
100	0.01999
120	0.01999
140	0.01997
160	0.01998
180	0.01998
200	0.01998
220	0.01998
240	0.01998
260	0.01999
280	0.01998
300	0.01997
320	0.01997
340	0.01997
360	0.01999
380	0.01999
400	0.01999
420	0.01998
440	0.01998
460	0.01997
480	0.01996
500	0.01997
520	0.01997
540	0.01999
560	0.01998
580	0.01999
600	0.01999
620	0.02000
640	0.01998
660	0.01999
680	0.01998
700	0.01999
720	0.01998
740	0.01998
760	0.01999
780	0.01998
800	0.01999
820	0.01997
840	0.01997
860	0.01998
880	0.01997
900	0.01999
920	0.01999
940	0.01997
960	0.01998
980	0.01998
1000	0.01997
1020	0.01998
1040	0.01998
1060	0.01999
1080	0.01999
1100	0.01998
1120	0.01997
1140	0.01999
1160	0.01997
1180	0.01998
1200	0.01997
1220	0.01998
1240	0.01998
1260	0.01998
1280	0.01997
1300	0.01998
1320	0.01998
1340	0.01998
1360	0.01998
1380	0.01997
1400	0.01997
1420	0.01998
1440	0.01998
1460	0.01997
1480	0.01998
1500	0.01998
1520	0.01997
1540	0.01998
1560	0.01998
1580	0.01998
1600	0.01998
1620	0.01997
1640	0.01999
1660	0.01997
1680	0.01998
1700	0.01998
1720	0.01997
1740	0.01997
1760	0.01997
1780	0.01998
1800	0.01997
1820	0.01999
1840	0.01998
1860	0.01998
1880	0.01998
1900	0.01997
1920	0.01998
1940	0.01999
1960	0.01998
1980	0.01998
2000	0.01997
2020	0.01997
2040	0.01998
2060	0.01997
2080	0.01998
2100	0.01997
2120	0.01997
2140	0.01998
2160	0.01998
2180	0.01998
2200	0.01997
2220	0.01998
2240	0.01998
2260	0.01998
2280	0.01997
2300	0.01998
2320	0.01998
2340	0.01998
2360	0.01998
2380	0.01998
2400	0.01998
2420	0.01997
2440	0.01996
2460	0.01997
2480	0.01998
2500	0.01999
2520	0.01998
2540	0.01997
2560	0.01997
2580	0.01997
2600	0.01998
2620	0.01997
2640	0.01998
2660	0.01997
2680	0.01997
2700	0.01997
2720	0.01989
2720.4	0.01948
2720.8	0.01908
2721.2	0.01866
2721.6	0.01836
2722	0.01786
2722.4	0.01741
2722.8	0.01704
2723.2	0.01666
2723.6	0.01626
2724	0.01586
2724.4	0.01548
2724.8	0.01507
2725.2	0.01466
2725.6	0.01428
2726	0.01386
2726.4	0.01347
2726.8	0.01308
2727.2	0.01264
2727.6	0.01229
2728	0.01187
2728.4	0.01145
2728.8	0.01109
2729.2	0.01065
2729.6	0.01029
2730	0.00986
2730.4	0.00947
2730.8	0.00908
2731.2	0.00866
2731.6	0.00827
2732	0.00788
2732.4	0.00747
2732.8	0.00708
2733.2	0.00667
2733.6	0.00627
2734	0.00586
2734.4	0.00548
2734.8	0.00506
2735.2	0.00466
2735.6	0.00427
2736	0.00387
2736.4	0.00347
2736.8	0.00308
2737.2	0.00263
2737.6	0.00226
2738	0.00188
2738.4	0.00146
2738.8	0.00107
2739.2	0.00068
2739.6	0.00027
2740	-0.00008
2740.4	-0.00002
2740.8	-0.00003
2741.2	-0.00005
2741.6	-0.00001
2742	0.00000
2742.4	0.00000
2742.8	-0.00004
2743.2	-0.00005
2743.6	-0.00002
2744	-0.00003
2744.4	-0.00003
2744.8	-0.00002
2745.2	-0.00001
2745.6	-0.00003
2746	-0.00002
2746.4	-0.00002
2746.8	-0.00003
2747.2	-0.00003
2747.6	-0.00002
2748	-0.00001
2748.4	-0.00001
2748.8	0.00000
2749.2	-0.00001
2749.6	-0.00002
2750	-0.00002
2750.4	-0.00001
2750.8	-0.00003
2751.2	-0.00001
2751.6	-0.00005
2752	-0.00006
2752.4	-0.00004
2752.8	-0.00002
2753.2	-0.00002
2753.6	-0.00001
2754	-0.00001
2754.4	-0.00001
2754.8	0.00000
2755.2	0.00000
2755.6	-0.00001
2756	-0.00004
2756.4	-0.00004
2756.8	-0.00004
2757.2	-0.00005
2757.6	-0.00003
2758	0.00001
2758.4	0.00001
2758.8	-0.00001
2759.2	-0.00003
2759.6	-0.00004
2760	-0.00003
2780	-0.00001
2800	-0.00002
2820	-0.00001
2840	-0.00003
2860	-0.00003
2880	-0.00002
2900	-0.00001
2920	-0.00002
2940	-0.00002
2960	-0.00001
2980	-0.00002
3000	-0.00002
3020	-0.00001
3040	-0.00003
3060	-0.00002
3080	-0.00001
3100	-0.00001
3120	-0.00004
3140	-0.00004
3160	-0.00002
3180	-0.00002
3200	-0.00001
3220	-0.00003
3240	-0.00005
3260	-0.00002
3280	-0.00001
3300	-0.00003
3320	-0.00002
3340	-0.00003
3360	-0.00001
3380	-0.00001
3400	0.00000
3420	-0.00003
3440	-0.00003
3460	-0.00004
3480	-0.00001
3500	-0.00001
3520	-0.00002
3540	-0.00002
3560	-0.00002
3580	-0.00002
3600	-0.00002
3620	-0.00005
3640	-0.00002
3660	-0.00003
3680	-0.00001
3700	-0.00001
3720	-0.00002
3740	-0.00003
3760	-0.00002
3780	-0.00003
3800	-0.00002
3820	-0.00006
3840	-0.00003
3860	-0.00004
3880	-0.00002
3900	-0.00005
3920	-0.00003
3940	-0.00002
3960	-0.00001
3980	-0.00003
4000	-0.00002
4020	-0.00002
4040	-0.00002
4060	-0.00002
4080	-0.00002
4100	-0.00002
4120	-0.00002
4140	-0.00003
4160	-0.00004
4180	-0.00001
4200	-0.00001
4220	-0.00003
4240	-0.00003
4260	-0.00002
4280	-0.00001
4300	-0.00003
4320	-0.00002
4340	-0.00002
4360	-0.00002
4380	-0.00004
4400	-0.00002
4420	-0.00002
4440	-0.00002
4460	-0.00003
4480	-0.00001
4500	-0.00002
4520	-0.00003
4540	-0.00001
4560	-0.00003
4580	-0.00003
4600	-0.00001
4620	-0.00001
4640	-0.00003
4660	-0.00002
4680	-0.00002
4700	-0.00004
4720	-0.00003
4740	-0.00003
4760	-0.00003
4780	-0.00002
4800	-0.00003
4820	-0.00003
4840	-0.00002
4860	-0.00002
4880	-0.00003
4900	-0.00001
4920	0.00000
4940	-0.00002
4960	-0.00003
4980	-0.00004
5000	-0.00003
5020	-0.00002
5040	-0.00002
5060	-0.00002
5080	-0.00002
5100	-0.00005
5120	-0.00002
5140	-0.00002
5160	-0.00004
5180	-0.00002
5200	-0.00002
5220	-0.00001
5240	-0.00002
5260	-0.00002
5280	-0.00004
5300	-0.00002
5320	-0.00002
5340	-0.00002
5360	-0.00002
5380	-0.00001
5400	-0.00002
5420	-0.00003
5440	0.00004
5440.4	0.00046
5440.8	0.00086
5441.2	0.00127
5441.6	0.00160
5442	0.00207
5442.4	0.00254
5442.8	0.00292
5443.2	0.00331
5443.6	0.00369
5444	0.00409
5444.4	0.00448
5444.8	0.00488
5445.2	0.00529
5445.6	0.00569
5446	0.00609
5446.4	0.00649
5446.8	0.00689
5447.2	0.00728
5447.6	0.00768
5448	0.00809
5448.4	0.00848
5448.8	0.00888
5449.2	0.00928
5449.6	0.00971
5450	0.01007
5450.4	0.01049
5450.8	0.01088
5451.2	0.01128
5451.6	0.01170
5452	0.01208
5452.4	0.01247
5452.8	0.01289
5453.2	0.01328
5453.6	0.01368
5454	0.01407
5454.4	0.01438
5454.8	0.01488
5455.2	0.01535
5455.6	0.01573
5456	0.01610
5456.4	0.01649
5456.8	0.01689
5457.2	0.01730
5457.6	0.01769
5458	0.01810
5458.4	0.01847
5458.8	0.01888
5459.2	0.01929
5459.6	0.01969
5460	0.01999
5460.4	0.01998
5460.8	0.01998
5461.2	0.02000
5461.6	0.01999
5462	0.01997
5462.4	0.01998
5462.8	0.01998
5463.2	0.01998
5463.6	0.01998
5464	0.01998
5464.4	0.01998
5464.8	0.01998
5465.2	0.01998
5465.6	0.01997
5466	0.01998
5466.4	0.01998
5466.8	0.01999
5467.2	0.01998
5467.6	0.01999
5468	0.01999
5468.4	0.01999
5468.8	0.01999
5469.2	0.02000
5469.6	0.02000
5470	0.01998
5470.4	0.01998
5470.8	0.01997
5471.2	0.01976
5471.6	0.01971
5472	0.01986
5472.4	0.02002
5472.8	0.02011
5473.2	0.02016
5473.6	0.02013
5474	0.02004
5474.4	0.02001
5474.8	0.01999
5475.2	0.01999
5475.6	0.01998
5476	0.01999
5476.4	0.01997
5476.8	0.01998
5477.2	0.01998
5477.6	0.01997
5478	0.01998
5478.4	0.01998
5478.8	0.01998
5479.2	0.01997
5479.6	0.01999
5480	0.01998
5500	0.01998
5520	0.01999
5540	0.01998
5560	0.01998
5580	0.01998
5600	0.01997
5620	0.01998
5640	0.01998
5660	0.01998
5680	0.01997
5700	0.01998
5720	0.01998
5740	0.01998
5760	0.01997
5780	0.01997
5800	0.01998
5820	0.01997
5840	0.01998
5860	0.01998
5880	0.01998
5900	0.01997
5920	0.01999
5940	0.01998
5960	0.01998
5980	0.01998
6000	0.01997
6020	0.01998
6040	0.01998
6060	0.01998
6080	0.01997
6100	0.01997
6120	0.01998
6140	0.01998
6160	0.01998
6180	0.01998
6200	0.01998
6220	0.01998
6240	0.01998
6260	0.01999
6280	0.01998
6300	0.01998
6320	0.01997
6340	0.01997
6360	0.01998
6380	0.01996
6400	0.01999
6420	0.01998
6440	0.01998
6460	0.01997
6480	0.01998
6500	0.01997
6520	0.01998
6540	0.01998
6560	0.01997
6580	0.01997
6600	0.01998
6620	0.01998
6640	0.01998
6660	0.01999
6680	0.01999
6700	0.01998
6720	0.01997
6740	0.01998
6760	0.01998
6780	0.01998
6800	0.01998
6820	0.01998
6840	0.01998
6860	0.01997
6880	0.01998
6900	0.01998
6920	0.01998
6940	0.01998
6960	0.01999
6980	0.01998
7000	0.01998
7020	0.01997
7040	0.01998
7060	0.01998
7080	0.01998
7100	0.01998
7120	0.01998
7140	0.01999
7160	0.01998
7180	0.01998
7200	0.01997
7220	0.01999
7240	0.01998
7260	0.01997
7280	0.01997
7300	0.01997
7320	0.01998
7340	0.01999
7360	0.01998
7380	0.01998
7400	0.01998
7420	0.01998
7440	0.01998
7460	0.01997
7480	0.01998
7500	0.01998
7520	0.01998
7540	0.01997
7560	0.01998
7580	0.01998
7600	0.01998
7620	0.02000
7640	0.01997
7660	0.01997
7680	0.01997
7700	0.01998
7720	0.01998
7740	0.01998
7760	0.01998
7780	0.01998
7800	0.01997
7820	0.01997
7840	0.01998
7860	0.01997
7880	0.01998
7900	0.01997
7920	0.01997
7940	0.01999
7960	0.01997
7980	0.01998
8000	0.01998
8020	0.01998
8040	0.01998
8060	0.01999
8080	0.01997
8100	0.01999
8120	0.01998
8140	0.01998
8160	0.01993
8160.4	0.01950
8160.8	0.01910
8161.2	0.01869
8161.6	0.01839
8162	0.01780
8162.4	0.01741
8162.8	0.01705
8163.2	0.01668
8163.6	0.01627
8164	0.01588
8164.4	0.01548
8164.8	0.01508
8165.2	0.01469
8165.6	0.01427
8166	0.01388
8166.4	0.01347
8166.8	0.01308
8167.2	0.01268
8167.6	0.01228
8168	0.01188
8168.4	0.01147
8168.8	0.01107
8169.2	0.01069
8169.6	0.01028
8170	0.00988
8170.4	0.00948
8170.8	0.00908
8171.2	0.00868
8171.6	0.00828
8172	0.00788
8172.4	0.00748
8172.8	0.00707
8173.2	0.00668
8173.6	0.00627
8174	0.00588
8174.4	0.00547
8174.8	0.00508
8175.2	0.00469
8175.6	0.00428
8176	0.00387
8176.4	0.00348
8176.8	0.00309
8177.2	0.00267
8177.6	0.00228
8178	0.00188
8178.4	0.00148
8178.8	0.00107
8179.2	0.00069
8179.6	0.00028
8180	-0.00006
8180.4	-0.00003
8180.8	-0.00004
8181.2	-0.00002
8181.6	-0.00002
8182	-0.00002
8182.4	-0.00002
8182.8	-0.00003
8183.2	-0.00003
8183.6	-0.00002
8184	-0.00002
8184.4	-0.00002
8184.8	-0.00002
8185.2	-0.00002
8185.6	-0.00002
8186	-0.00003
8186.4	-0.00003
8186.8	-0.00002
8187.2	-0.00002
8187.6	-0.00002
8188	-0.00002
8188.4	-0.00001
8188.8	-0.00001
8189.2	-0.00001
8189.6	-0.00002
8190	-0.00003
8190.4	-0.00002
8190.8	-0.00003
8191.2	-0.00003
8191.6	-0.00002
8192	-0.00003
8192.4	-0.00002
8192.8	-0.00002
8193.2	-0.00003
8193.6	-0.00002
8194	-0.00002
8194.4	-0.00001
8194.8	-0.00002
8195.2	-0.00002
8195.6	-0.00002
8196	-0.00003
8196.4	-0.00003
8196.8	-0.00002
8197.2	-0.00002
8197.6	-0.00002
8198	-0.00002
8198.4	-0.00002
8198.8	-0.00002
8199.2	-0.00002
8199.6	-0.00002
8200	-0.00002
8220	-0.00002
8240	-0.00002
8260	-0.00003
8280	-0.00003
8300	-0.00003
8320	-0.00003
8340	-0.00003
8360	-0.00001
8380	-0.00002
8400	-0.00002
8420	-0.00002
8440	0.00000
8460	-0.00003
8480	-0.00003
8500	-0.00003
8520	-0.00001
8540	-0.00003
8560	-0.00002
8580	-0.00003
8600	-0.00002
8620	-0.00002
8640	-0.00002
8660	-0.00002
8680	-0.00002
8700	-0.00002
8720	-0.00002
8740	-0.00002
8760	-0.00002
8780	-0.00002
8800	-0.00002
8820	-0.00002
8840	-0.00003
8860	-0.00002
8880	-0.00002
8900	-0.00002
8920	-0.00002
8940	-0.00002
8960	-0.00003
8980	-0.00002
9000	-0.00002
9020	-0.00002
9040	-0.00002
9060	-0.00002
9080	-0.00001
9100	-0.00002
9120	-0.00003
9140	-0.00002
9160	-0.00002
9180	-0.00002
9200	-0.00001
9220	-0.00001
9240	-0.00002
9260	-0.00002
9280	-0.00001
9300	-0.00001
9320	-0.00003
9340	-0.00002
9360	-0.00002
9380	-0.00003
9400	-0.00001
9420	-0.00002
9440	-0.00002
9460	-0.00003
9480	-0.00003
9500	-0.00002
9520	-0.00002
9540	-0.00002
9560	-0.00002
9580	-0.00001
9600	-0.00001
9620	-0.00002
9640	-0.00003
9660	-0.00003
9680	-0.00002
9700	-0.00001
9720	-0.00002
9740	-0.00002
9760	-0.00002
9780	-0.00001
9800	-0.00002
9820	-0.00002
9840	-0.00002
9860	-0.00002
9880	-0.00002
9900	-0.00002
9920	-0.00003
9940	-0.00003
9960	-0.00002
9980	-0.00003
10000	-0.00002
10020	-0.00002
10040	-0.00002
10060	-0.00001
10080	-0.00002
10100	-0.00001
10120	-0.00002
10140	-0.00003
10160	-0.00001
10180	-0.00002
10200	-0.00002
10220	-0.00002
10240	-0.00003
10260	-0.00002
10280	-0.00001
10300	-0.00002
10320	-0.00002
10340	-0.00002
10360	-0.00003
10380	-0.00002
10400	-0.00002
10420	-0.00002
10440	-0.00002
10460	-0.00002
10480	-0.00002
10500	-0.00002
10520	-0.00003
10540	-0.00002
10560	-0.00003
10580	-0.00002
10600	-0.00002
10620	-0.00003
10640	-0.00001
10660	-0.00002
10680	-0.00002
10700	-0.00002
10720	-0.00002
10740	-0.00003
10760	-0.00003
10780	-0.00002
10800	-0.00001
10820	-0.00002
10840	-0.00002
10860	-0.00002
10880	0.00003
10880.4	0.00046
10880.8	0.00085
10881.2	0.00126
10881.6	0.00159
10882	0.00206
10882.4	0.00254
10882.8	0.00290
10883.2	0.00329
10883.6	0.00368
10884	0.00408
10884.4	0.00447
10884.8	0.00488
10885.2	0.00527
10885.6	0.00567
10886	0.00607
10886.4	0.00648
10886.8	0.00689
10887.2	0.00726
10887.6	0.00767
10888	0.00807
10888.4	0.00847
10888.8	0.00887
10889.2	0.00928
10889.6	0.00968
10890	0.01006
10890.4	0.01048
10890.8	0.01087
10891.2	0.01127
10891.6	0.01167
10892	0.01208
10892.4	0.01247
10892.8	0.01287
10893.2	0.01328
10893.6	0.01367
10894	0.01408
10894.4	0.01447
10894.8	0.01488
10895.2	0.01526
10895.6	0.01568
10896	0.01607
10896.4	0.01647
10896.8	0.01690
10897.2	0.01726
10897.6	0.01767
10898	0.01808
10898.4	0.01846
10898.8	0.01888
10899.2	0.01926
10899.6	0.01967
10900	0.02003
10900.4	0.01999
10900.8	0.01998
10901.2	0.01999
10901.6	0.01998
10902	0.01998
10902.4	0.01997
10902.8	0.01997
10903.2	0.01997
10903.6	0.01998
10904	0.01999
10904.4	0.01999
10904.8	0.01998
10905.2	0.01998
10905.6	0.01998
10906	0.01998
10906.4	0.01998
10906.8	0.01998
10907.2	0.01998
10907.6	0.01999
10908	0.01997
10908.4	0.01997
10908.8	0.01998
10909.2	0.01997
10909.6	0.01998
10910	0.01998
10910.4	0.01998
10910.8	0.01998
10911.2	0.01998
10911.6	0.01998
10912	0.01998
10912.4	0.01998
10912.8	0.01997
10913.2	0.01998
10913.6	0.01998
10914	0.01998
10914.4	0.01998
10914.8	0.01997
10915.2	0.01998
10915.6	0.01998
10916	0.01998
10916.4	0.01998
10916.8	0.01998
10917.2	0.01998
10917.6	0.01998
10918	0.01998
10918.4	0.01998
10918.8	0.01998
10919.2	0.01998
10919.6	0.01999
10920	0.01998
10940	0.01996
10960	0.01998
10980	0.01997
11000	0.01997
11020	0.01999
11040	0.01997
11060	0.01997
11080	0.01998
11100	0.01998
11120	0.01997
11140	0.01997
11160	0.02000
11180	0.01998
11200	0.01998
11220	0.01997
11240	0.01998
11260	0.01997
11280	0.01997
11300	0.01999
11320	0.01998
11340	0.01996
11360	0.01998
11380	0.01997
11400	0.01998
11420	0.01998
11440	0.01998
11460	0.01999
11480	0.01999
11500	0.01998
11520	0.01998
11540	0.01999
11560	0.01998
11580	0.01998
11600	0.01998
11620	0.01997
11640	0.02000
11660	0.01998
11680	0.01997
11700	0.01998
11720	0.01997
11740	0.01997
11760	0.01998
11780	0.01998
11800	0.01998
11820	0.01998
11840	0.01998
11860	0.01997
11880	0.01998
11900	0.01998
11920	0.01998
11940	0.01998
11960	0.01998
11980	0.01997
12000	0.01998
12020	0.01999
12040	0.01998
12060	0.01997
12080	0.01998
12100	0.01998
12120	0.01998
12140	0.01998
12160	0.01998
12180	0.01999
12200	0.01999
12220	0.01998
12240	0.01998
12260	0.01998
12280	0.01998
12300	0.01998
12320	0.01997
12340	0.01997
12360	0.01998
12380	0.01997
12400	0.01998
12420	0.01998
12440	0.01997
12460	0.01998
12480	0.01997
12500	0.01998
12520	0.01998
12540	0.01998
12560	0.01999
12580	0.01997
12600	0.01998
12620	0.01997
12640	0.01998
12660	0.01998
12680	0.01998
12700	0.01997
12720	0.01997
12740	0.01997
12760	0.01998
12780	0.01999
12800	0.01999
12820	0.01998
12840	0.01998
12860	0.01997
12880	0.01998
12900	0.01998
12920	0.01997
12940	0.01996
12960	0.01998
12980	0.01997
13000	0.01999
13020	0.01998
13040	0.01998
13060	0.01998
13080	0.01999
13100	0.01998
13120	0.01998
13140	0.01998
13160	0.01999
13180	0.01999
13200	0.01998
13220	0.01997
13240	0.01998
13260	0.01998
13280	0.01998
13300	0.01998
13320	0.01997
13340	0.01998
13360	0.01999
13380	0.01997
13400	0.01996
13420	0.01998
13440	0.01997
13460	0.01998
13480	0.01997
13500	0.01998
13520	0.01998
13540	0.01998
13560	0.01999
13580	0.01998
13600	0.01991
13600.4	0.01949
13600.8	0.01910
13601.2	0.01870
13601.6	0.01838
13602	0.01791
13602.4	0.01743
13602.8	0.01706
13603.2	0.01668
13603.6	0.01628
13604	0.01589
13604.4	0.01549
13604.8	0.01510
13605.2	0.01468
13605.6	0.01430
13606	0.01388
13606.4	0.01350
13606.8	0.01305
13607.2	0.01271
13607.6	0.01228
13608	0.01189
13608.4	0.01148
13608.8	0.01109
13609.2	0.01069
13609.6	0.01030
13610	0.00988
13610.4	0.00950
13610.8	0.00908
13611.2	0.00869
13611.6	0.00829
13612	0.00789
13612.4	0.00748
13612.8	0.00710
13613.2	0.00668
13613.6	0.00628
13614	0.00590
13614.4	0.00549
13614.8	0.00508
13615.2	0.00469
13615.6	0.00429
13616	0.00388
13616.4	0.00349
13616.8	0.00309
13617.2	0.00269
13617.6	0.00228
13618	0.00189
13618.4	0.00149
13618.8	0.00109
13619.2	0.00068
13619.6	0.00029
13620	-0.00005
13620.4	-0.00004
13620.8	-0.00002
13621.2	-0.00002
13621.6	-0.00003
13622	-0.00002
13622.4	-0.00002
13622.8	-0.00003
13623.2	-0.00002
13623.6	-0.00003
13624	-0.00003
13624.4	-0.00002
13624.8	-0.00002
13625.2	-0.00001
13625.6	-0.00002
13626	-0.00002
13626.4	-0.00002
13626.8	-0.00003
13627.2	-0.00003
13627.6	-0.00002
13628	-0.00003
13628.4	-0.00003
13628.8	-0.00003
13629.2	-0.00002
13629.6	-0.00002
13630	-0.00002
13630.4	-0.00002
13630.8	-0.00003
13631.2	-0.00003
13631.6	-0.00002
13632	-0.00002
13632.4	-0.00002
13632.8	-0.00002
13633.2	-0.00002
13633.6	-0.00002
13634	-0.00002
13634.4	-0.00002
13634.8	-0.00002
13635.2	-0.00002
13635.6	-0.00002
13636	-0.00002
13636.4	-0.00002
13636.8	-0.00002
13637.2	-0.00002
13637.6	-0.00002
13638	-0.00002
13638.4	-0.00002
13638.8	-0.00002
13639.2	-0.00002
13639.6	-0.00002
13640	-0.00003
13660	-0.00002
13680	-0.00002
13700	-0.00002
13720	-0.00002
13740	-0.00001
13760	-0.00002
13780	0.00000
13800	-0.00002
13820	-0.00002
13840	-0.00003
13860	-0.00002
13880	-0.00003
13900	-0.00003
13920	-0.00003
13940	-0.00001
13960	-0.00002
13980	-0.00002
14000	-0.00002
14020	-0.00003
14040	-0.00002
14060	-0.00002
14080	-0.00003
14100	-0.00002
14120	-0.00002
14140	-0.00001
14160	-0.00002
14180	-0.00002
14200	-0.00003
14220	-0.00003
14240	-0.00003
14260	-0.00003
14280	-0.00003
14300	-0.00002
14320	-0.00002
14340	-0.00003
14360	-0.00003
14380	-0.00001
14400	-0.00002
14420	-0.00001
14440	-0.00002
14460	-0.00002
14480	-0.00003
14500	-0.00002
14520	-0.00002
14540	-0.00002
14560	-0.00001
14580	-0.00003
14600	-0.00002
14620	-0.00002
14640	-0.00002
14660	-0.00002
14680	-0.00003
14700	-0.00002
14720	-0.00003
14740	-0.00003
14760	-0.00002
14780	-0.00002
14800	-0.00002
14820	-0.00003
14840	-0.00003
14860	-0.00002
14880	-0.00001
14900	-0.00002
14920	-0.00001
14940	-0.00003
14960	-0.00003
14980	-0.00002
15000	-0.00003
15020	-0.00003
15040	-0.00002
15060	-0.00003
15080	-0.00003
15100	-0.00002
15120	-0.00003
15140	-0.00002
15160	-0.00001
15180	-0.00003
15200	-0.00003
15220	-0.00002
15240	-0.00001
15260	-0.00002
15280	-0.00002
15300	-0.00001
15320	-0.00002
15340	-0.00002
15360	-0.00003
15380	-0.00002
15400	-0.00002
15420	-0.00003
15440	-0.00001
15460	-0.00002
15480	-0.00002
15500	-0.00002
15520	-0.00003
15540	-0.00002
15560	-0.00002
15580	-0.00002
15600	-0.00002
15620	-0.00002
15640	-0.00002
15660	-0.00003
15680	-0.00002
15700	-0.00002
15720	-0.00003
15740	-0.00003
15760	-0.00002
15780	-0.00002
15800	-0.00002
15820	-0.00001
15840	-0.00002
15860	-0.00002
15880	-0.00002
15900	-0.00002
15920	-0.00002
15940	-0.00002
15960	-0.00002
15980	-0.00003
16000	-0.00002
16020	-0.00004
16040	-0.00001
16060	-0.00001
16080	-0.00002
16100	-0.00002
16120	-0.00003
16140	-0.00002
16160	-0.00003
16180	-0.00001
16200	-0.00002
16220	-0.00003
16240	-0.00002
16260	-0.00002
16280	-0.00002
16300	-0.00003
16320	-0.00002
16320.4	0.00044
16320.8	0.00083
16321.2	0.00124
16321.6	0.00158
16322	0.00206
16322.4	0.00253
16322.8	0.00290
16323.2	0.00328
16323.6	0.00367
16324	0.00407
16324.4	0.00447
16324.8	0.00486
16325.2	0.00527
16325.6	0.00566
16326	0.00606
16326.4	0.00646
16326.8	0.00686
16327.2	0.00726
16327.6	0.00767
16328	0.00807
16328.4	0.00847
16328.8	0.00886
16329.2	0.00927
16329.6	0.00966
16330	0.01006
16330.4	0.01048
16330.8	0.01086
16331.2	0.01126
16331.6	0.01167
16332	0.01206
16332.4	0.01247
16332.8	0.01286
16333.2	0.01326
16333.6	0.01366
16334	0.01406
16334.4	0.01446
16334.8	0.01486
16335.2	0.01526
16335.6	0.01567
16336	0.01606
16336.4	0.01646
16336.8	0.01687
16337.2	0.01725
16337.6	0.01767
16338	0.01807
16338.4	0.01846
16338.8	0.01887
16339.2	0.01926
16339.6	0.01966
16340	0.02001
16340.4	0.01997
16340.8	0.01999
16341.2	0.01999
16341.6	0.01998
16342	0.01998
16342.4	0.01998
16342.8	0.01998
16343.2	0.01998
16343.6	0.01998
16344	0.01998
16344.4	0.01998
16344.8	0.01998
16345.2	0.01998
16345.6	0.01999
16346	0.01998
16346.4	0.01998
16346.8	0.01998
16347.2	0.01998
16347.6	0.01998
16348	0.01998
16348.4	0.01998
16348.8	0.01998
16349.2	0.01998
16349.6	0.01998
16350	0.01997
16350.4	0.01997
16350.8	0.01998
16351.2	0.01999
16351.6	0.01999
16352	0.01997
16352.4	0.01998
16352.8	0.01998
16353.2	0.01997
16353.6	0.01996
16354	0.01997
16354.4	0.01997
16354.8	0.01998
16355.2	0.01997
16355.6	0.01997
16356	0.01998
16356.4	0.01998
16356.8	0.01998
16357.2	0.01998
16357.6	0.01998
16358	0.01998
16358.4	0.01998
16358.8	0.01998
16359.2	0.01998
16359.6	0.01998
16360	0.01998
16380	0.01998
16400	0.01996
16420	0.01998
16440	0.01998
16460	0.01998
16480	0.01998
16500	0.01998
16520	0.01998
16540	0.01998
16560	0.01998
16580	0.01998
16600	0.01998
16620	0.01998
16640	0.01998
16660	0.01997
16680	0.01998
16700	0.01999
16720	0.01997
16740	0.01998
16760	0.01990
16780	0.01998
16800	0.01998
16820	0.01998
16840	0.01998
16860	0.01997
16880	0.01997
16900	0.01997
16920	0.01996
16940	0.01998
16960	0.01999
16980	0.01998
17000	0.01997
17020	0.01997
17040	0.01997
17060	0.01997
17080	0.01997
17100	0.01996
17120	0.01997
17140	0.01998
17160	0.01999
17180	0.01997
17200	0.01999
17220	0.01998
17240	0.01998
17260	0.01998
17280	0.01998
17300	0.01998
17320	0.01998
17340	0.01998
17360	0.01998
17380	0.01997
17400	0.01998
17420	0.01998
17440	0.01998
17460	0.01998
17480	0.01998
17500	0.01998
17520	0.01998
17540	0.01998
17560	0.01998
17580	0.01998
17600	0.01998
17620	0.01997
17640	0.01998
17660	0.01998
17680	0.01999
17700	0.01999
17720	0.01998
17740	0.01997
17760	0.01997
17780	0.01998
17800	0.01998
17820	0.01998
17840	0.01999
17860	0.01998
17880	0.01998
17900	0.01997
17920	0.01997
17940	0.01998
17960	0.01997
17980	0.01997
18000	0.01997
18020	0.01997
18040	0.01997
18060	0.01999
18080	0.01997
18100	0.01998
18120	0.01998
18140	0.01998
18160	0.01998
18180	0.01998
18200	0.01998
18220	0.01998
18240	0.01997
18260	0.01997
18280	0.01998
18300	0.01998
18320	0.01998
18340	0.01998
18360	0.01997
18380	0.01998
18400	0.01998
18420	0.01996
18440	0.01998
18460	0.01998
18480	0.01998
18500	0.01997
18520	0.01997
18540	0.01998
18560	0.01997
18580	0.01998
18600	0.01998
18620	0.01998
18640	0.01998
18660	0.01998
18680	0.01998
18700	0.01998
18720	0.01998
18740	0.01997
18760	0.01997
18780	0.01997
18800	0.01997
18820	0.01998
18840	0.01997
18860	0.01998
18880	0.01998
18900	0.01998
18920	0.01999
18940	0.01998
18960	0.01999
18980	0.01997
19000	0.01997
19020	0.01998
19040	0.01997
19040.4	0.01952
19040.8	0.01912
19041.2	0.01872
19041.6	0.01839
19042	0.01792
19042.4	0.01743
19042.8	0.01707
19043.2	0.01669
19043.6	0.01628
19044	0.01590
19044.4	0.01550
19044.8	0.01510
19045.2	0.01470
19045.6	0.01430
19046	0.01389
19046.4	0.01352
19046.8	0.01309
19047.2	0.01269
19047.6	0.01231
19048	0.01189
19048.4	0.01150
19048.8	0.01110
19049.2	0.01070
19049.6	0.01030
19050	0.00989
19050.4	0.00949
19050.8	0.00911
19051.2	0.00870
19051.6	0.00828
19052	0.00791
19052.4	0.00750
19052.8	0.00709
19053.2	0.00670
19053.6	0.00631
19054	0.00588
19054.4	0.00550
19054.8	0.00511
19055.2	0.00470
19055.6	0.00430
19056	0.00390
19056.4	0.00350
19056.8	0.00310
19057.2	0.00270
19057.6	0.00230
19058	0.00189
19058.4	0.00150
19058.8	0.00110
19059.2	0.00069
19059.6	0.00030
19060	-0.00006
19060.4	-0.00002
19060.8	-0.00004
19061.2	-0.00005
19061.6	0.00000
19062	-0.00002
19062.4	-0.00001
19062.8	-0.00003
19063.2	-0.00003
19063.6	-0.00003
19064	-0.00003
19064.4	-0.00002
19064.8	-0.00001
19065.2	-0.00001
19065.6	-0.00001
19066	-0.00002
19066.4	-0.00003
19066.8	-0.00003
19067.2	-0.00004
19067.6	-0.00003
19068	-0.00003
19068.4	-0.00002
19068.8	-0.00002
19069.2	-0.00002
19069.6	-0.00002
19070	-0.00002
19070.4	-0.00002
19070.8	-0.00002
19071.2	-0.00002
19071.6	-0.00002
19072	-0.00003
19072.4	-0.00003
19072.8	-0.00002
19073.2	-0.00002
19073.6	-0.00002
19074	-0.00002
19074.4	-0.00003
19074.8	-0.00002
19075.2	-0.00001
19075.6	-0.00001
19076	-0.00003
19076.4	-0.00001
19076.8	-0.00002
19077.2	-0.00002
19077.6	-0.00002
19078	-0.00002
19078.4	-0.00002
19078.8	-0.00002
19079.2	-0.00003
19079.6	-0.00002
19080	-0.00003
19100	-0.00002
19120	-0.00003
19140	-0.00002
19160	-0.00001
19180	-0.00002
19200	-0.00002
19220	-0.00003
19240	-0.00002
19260	-0.00002
19280	-0.00003
19300	-0.00003
19320	-0.00002
19340	-0.00002
19360	-0.00002
19380	-0.00002
19400	-0.00001
19420	-0.00002
19440	-0.00003
19460	-0.00002
19480	-0.00002
19500	-0.00002
19520	-0.00001
19540	-0.00002
19560	-0.00002
19580	-0.00003
19600	-0.00002
19620	-0.00002
19640	-0.00002
19660	-0.00003
19680	-0.00002
19700	-0.00003
19720	-0.00002
19740	-0.00001
19760	-0.00002
19780	-0.00002
19800	-0.00002
19820	-0.00002
19840	-0.00003
19860	-0.00002
19880	-0.00002
19900	-0.00002
19920	-0.00003
19940	-0.00003
19960	-0.00002
19980	-0.00002
20000	-0.00002
20020	-0.00003
20040	-0.00002
20060	-0.00001
20080	-0.00003
20100	-0.00002
20120	-0.00003
20140	-0.00002
20160	-0.00002
20180	-0.00003
20200	-0.00002
20220	-0.00004
20240	-0.00002
20260	-0.00001
20280	-0.00004
20300	-0.00002
20320	-0.00002
20340	-0.00003
20360	-0.00002
20380	-0.00003
20400	-0.00002
20420	-0.00003
20440	-0.00002
20460	-0.00003
20480	-0.00004
20500	-0.00002
20520	-0.00003
20540	-0.00002
20560	-0.00001
20580	-0.00002
20600	-0.00002
20620	-0.00002
20640	-0.00003
20660	-0.00002
20680	-0.00002
20700	-0.00002
20720	-0.00001
20740	-0.00002
20760	-0.00003
20780	-0.00003
20800	-0.00002
20820	-0.00002
20840	-0.00001
20860	-0.00002
20880	-0.00002
20900	-0.00003
20920	-0.00001
20940	-0.00002
20960	-0.00003
20980	-0.00002
21000	-0.00002
21020	-0.00003
21040	-0.00002
21060	-0.00001
21080	-0.00002
21100	-0.00002
21120	-0.00002
21140	-0.00002
21160	-0.00003
21180	-0.00002
21200	-0.00003
21220	-0.00002
21240	-0.00002
21260	-0.00002
21280	-0.00003
21300	-0.00002
21320	-0.00002
21340	-0.00001
21360	-0.00002
21380	-0.00002
21400	-0.00001
21420	-0.00002
21440	-0.00003
21460	-0.00002
21480	-0.00004
21500	-0.00002
21520	-0.00002
21540	-0.00003
21560	-0.00003
21580	-0.00002
21600	-0.00002
21620	-0.00002
21640	-0.00002
21660	-0.00003
21680	-0.00002
21700	-0.00003
21720	-0.00002
21740	-0.00002
21760	-0.00002
21760.4	0.00043
21760.8	0.00084
21761.2	0.00124
21761.6	0.00157
21762	0.00205
21762.4	0.00252
21762.8	0.00288
21763.2	0.00328
21763.6	0.00366
21764	0.00406
21764.4	0.00445
21764.8	0.00485
21765.2	0.00525
21765.6	0.00565
21766	0.00605
21766.4	0.00645
21766.8	0.00686
21767.2	0.00725
21767.6	0.00766
21768	0.00806
21768.4	0.00844
21768.8	0.00886
21769.2	0.00924
21769.6	0.00965
21770	0.01005
21770.4	0.01045
21770.8	0.01086
21771.2	0.01126
21771.6	0.01165
21772	0.01205
21772.4	0.01245
21772.8	0.01286
21773.2	0.01324
21773.6	0.01365
21774	0.01407
21774.4	0.01445
21774.8	0.01485
21775.2	0.01526
21775.6	0.01564
21776	0.01605
21776.4	0.01646
21776.8	0.01686
21777.2	0.01724
21777.6	0.01766
21778	0.01806
21778.4	0.01845
21778.8	0.01885
21779.2	0.01926
21779.6	0.01965
21780	0.02002
21780.4	0.01998
21780.8	0.02000
21781.2	0.01999
21781.6	0.01998
21782	0.01997
21782.4	0.01998
21782.8	0.01998
21783.2	0.01998
21783.6	0.01998
21784	0.01997
21784.4	0.01997
21784.8	0.01998
21785.2	0.01998
21785.6	0.01998
21786	0.01998
21786.4	0.01998
21786.8	0.01998
21787.2	0.01998
21787.6	0.01998
21788	0.01998
21788.4	0.01998
21788.8	0.01998
21789.2	0.01998
21789.6	0.01998
21790	0.01998
21790.4	0.01998
21790.8	0.01998
21791.2	0.01998
21791.6	0.01998
21792	0.01998
21792.4	0.01998
21792.8	0.01998
21793.2	0.01998
21793.6	0.01997
21794	0.01998
21794.4	0.01997
21794.8	0.01998
21795.2	0.01998
21795.6	0.01998
21796	0.01997
21796.4	0.01998
21796.8	0.01998
21797.2	0.01998
21797.6	0.01998
21798	0.01998
21798.4	0.01998
21798.8	0.01997
21799.2	0.01998
21799.6	0.01998
21800	0.01998
21820	0.01998
21840	0.01998
21860	0.01998
21880	0.01997
21900	0.01998
21920	0.01998
21940	0.01998
21960	0.01997
21980	0.01998
22000	0.01998
22020	0.01998
22040	0.01998
22060	0.01998
22080	0.01998
22100	0.01998
22120	0.01998
22140	0.01998
22160	0.01998
22180	0.01999
22200	0.01998
22220	0.01997
22240	0.01999
22260	0.01998
22280	0.01997
22300	0.01999
22320	0.01997
22340	0.01998
22360	0.01998
22380	0.01998
22400	0.01997
22420	0.01998
22440	0.01998
22460	0.01998
22480	0.01998
22500	0.01998
22520	0.01997
22540	0.01998
22560	0.01998
22580	0.01998
22600	0.01998
22620	0.01998
22640	0.01999
22660	0.01998
22680	0.01997
22700	0.01998
22720	0.01998
22740	0.01998
22760	0.01998
22780	0.01998
22800	0.01999
22820	0.01998
22840	0.01997
22860	0.01998
22880	0.01998
22900	0.01998
22920	0.01998
22940	0.01998
22960	0.01998
22980	0.01997
23000	0.01998
23020	0.01999
23040	0.01998
23060	0.01998
23080	0.01998
23100	0.01998
23120	0.01998
23140	0.01999
23160	0.01999
23180	0.01997
23200	0.01998
23220	0.01999
23240	0.01998
23260	0.01998
23280	0.01997
23300	0.01998
23320	0.01997
23340	0.01998
23360	0.01998
23380	0.01997
23400	0.01998
23420	0.01999
23440	0.01998
23460	0.01998
23480	0.01998
23500	0.01998
23520	0.01998
23540	0.01998
23560	0.01998
23580	0.01999
23600	0.01997
23620	0.02000
23640	0.01999
23660	0.01997
23680	0.01997
23700	0.01998
23720	0.01997
23740	0.01997
23760	0.01998
23780	0.01998
23800	0.01999
23820	0.01997
23840	0.01999
23860	0.01998
23880	0.01997
23900	0.01998
23920	0.01998
23940	0.01996
23960	0.01998
23980	0.01998
24000	0.01998
24020	0.01998
24040	0.01998
24060	0.01998
24080	0.01997
24100	0.01998
24120	0.01998
24140	0.01998
24160	0.01998
24180	0.01998
24200	0.01998
24220	0.01999
24240	0.01997
24260	0.01998
24280	0.01998
24300	0.01998
24320	0.01997
24340	0.01998
24360	0.01998
24380	0.01998
24400	0.01999
24420	0.01998
24440	0.01998
24460	0.01998
24480	0.01996
24480.4	0.01950
24480.8	0.01911
24481.2	0.01872
24481.6	0.01840
24482	0.01794
24482.4	0.01744
24482.8	0.01707
24483.2	0.01670
24483.6	0.01631
24484	0.01590
24484.4	0.01552
24484.8	0.01510
24485.2	0.01472
24485.6	0.01431
24486	0.01391
24486.4	0.01351
24486.8	0.01311
24487.2	0.01272
24487.6	0.01230
24488	0.01191
24488.4	0.01151
24488.8	0.01108
24489.2	0.01073
24489.6	0.01029
24490	0.00992
24490.4	0.00950
24490.8	0.00911
24491.2	0.00872
24491.6	0.00830
24492	0.00791
24492.4	0.00752
24492.8	0.00710
24493.2	0.00671
24493.6	0.00631
24494	0.00590
24494.4	0.00552
24494.8	0.00510
24495.2	0.00471
24495.6	0.00431
24496	0.00391
24496.4	0.00351
24496.8	0.00310
24497.2	0.00271
24497.6	0.00231
24498	0.00191
24498.4	0.00151
24498.8	0.00111
24499.2	0.00070
24499.6	0.00032
24500	-0.00006
24500.4	-0.00004
24500.8	-0.00004
24501.2	-0.00002
24501.6	-0.00003
24502	-0.00002
24502.4	-0.00003
24502.8	-0.00002
24503.2	-0.00002
24503.6	-0.00002
24504	-0.00002
24504.4	-0.00002
24504.8	-0.00002
24505.2	-0.00003
24505.6	-0.00003
24506	-0.00003
24506.4	-0.00002
24506.8	-0.00002
24507.2	-0.00002
24507.6	-0.00002
24508	-0.00004
24508.4	-0.00002
24508.8	-0.00002
24509.2	-0.00002
24509.6	-0.00001
24510	-0.00002
24510.4	0.00000
24510.8	-0.00002
24511.2	-0.00002
24511.6	-0.00002
24512	-0.00002
24512.4	-0.00003
24512.8	-0.00003
24513.2	-0.00003
24513.6	-0.00002
24514	-0.00002
24514.4	-0.00001
24514.8	-0.00003
24515.2	-0.00001
24515.6	0.00000
24516	-0.00001
24516.4	-0.00002
24516.8	-0.00002
24517.2	-0.00002
24517.6	-0.00003
24518	-0.00002
24518.4	-0.00003
24518.8	-0.00003
24519.2	-0.00002
24519.6	-0.00002
24520	-0.00003
24540	-0.00001
24560	-0.00003
24580	-0.00002
24600	-0.00002
24620	-0.00002
24640	-0.00003
24660	-0.00002
24680	-0.00002
24700	-0.00002
24720	-0.00003
24740	-0.00002
24760	-0.00002
24780	-0.00002
24800	-0.00001
24820	-0.00002
24840	-0.00002
24860	-0.00002
24880	-0.00001
24900	-0.00002
24920	-0.00001
24940	-0.00003
24960	-0.00003
24980	-0.00002
25000	-0.00002
25020	-0.00002
25040	-0.00003
25060	-0.00004
25080	-0.00002
25100	-0.00002
25120	-0.00002
25140	-0.00003
25160	-0.00002
25180	-0.00003
25200	-0.00002
25220	-0.00003
25240	-0.00003
25260	-0.00002
25280	-0.00002
25300	-0.00002
25320	-0.00003
25340	-0.00002
25360	0.00000
25380	-0.00003
25400	-0.00002
25420	-0.00001
25440	-0.00001
25460	-0.00002
25480	-0.00003
25500	-0.00002
25520	-0.00002
25540	-0.00002
25560	-0.00003
25580	-0.00002
25600	-0.00002
25620	-0.00002
25640	-0.00003
25660	-0.00002
25680	-0.00001
25700	-0.00002
25720	-0.00001
25740	-0.00003
25760	-0.00003
25780	-0.00002
25800	-0.00003
25820	-0.00003
25840	-0.00002
25860	-0.00003
25880	-0.00002
25900	-0.00002
25920	-0.00002
25940	-0.00002
25960	-0.00002
25980	-0.00003
26000	-0.00002
26020	-0.00002
26040	-0.00002
26060	-0.00002
26080	-0.00003
26100	-0.00003
26120	-0.00002
26140	-0.00002
26160	-0.00002
26180	-0.00003
26200	-0.00002
26220	-0.00003
26240	-0.00002
26260	-0.00002
26280	-0.00002
26300	-0.00003
26320	-0.00002
26340	-0.00002
26360	-0.00003
26380	-0.00002
26400	-0.00003
26420	-0.00002
26440	-0.00003
26460	-0.00002
26480	-0.00003
26500	-0.00002
26520	-0.00002
26540	-0.00001
26560	-0.00003
26580	-0.00003
26600	-0.00001
26620	-0.00002
26640	-0.00002
26660	-0.00002
26680	-0.00002
26700	-0.00004
26720	-0.00002
26740	-0.00001
26760	-0.00001
26780	-0.00001
26800	-0.00002
26820	-0.00002
26840	-0.00002
26860	-0.00004
26880	-0.00002
26900	-0.00003
26920	-0.00002
26940	-0.00003
26960	-0.00002
26980	-0.00002
27000	-0.00002
27020	-0.00003
27040	0.00000
27060	-0.00004
27080	-0.00002
27100	-0.00002
27120	-0.00002
27140	-0.00001
27160	0.00000
27180	-0.00001
27200	-0.00002
27200.4	0.00046
27200.8	0.00083
27201.2	0.00121
27201.6	0.00156
27202	0.00211
27202.4	0.00251
27202.8	0.00288
27203.2	0.00325
27203.6	0.00364
27204	0.00406
27204.4	0.00443
27204.8	0.00485
27205.2	0.00525
27205.6	0.00563
27206	0.00605
27206.4	0.00644
27206.8	0.00685
27207.2	0.00724
27207.6	0.00764
27208	0.00805
27208.4	0.00844
27208.8	0.00885
27209.2	0.00923
27209.6	0.00967
27210	0.01003
27210.4	0.01045
27210.8	0.01084
27211.2	0.01124
27211.6	0.01164
27212	0.01204
27212.4	0.01243
27212.8	0.01286
27213.2	0.01324
27213.6	0.01364
27214	0.01405
27214.4	0.01443
27214.8	0.01485
27215.2	0.01526
27215.6	0.01563
27216	0.01604
27216.4	0.01644
27216.8	0.01684
27217.2	0.01724
27217.6	0.01765
27218	0.01804
27218.4	0.01843
27218.8	0.01887
27219.2	0.01924
27219.6	0.01963
27220	0.02002
27220.4	0.01999
27220.8	0.01999
27221.2	0.01998
27221.6	0.01997
27222	0.01998
27222.4	0.01998
27222.8	0.01997
27223.2	0.01998
27223.6	0.01998
27224	0.01998
27224.4	0.01999
27224.8	0.01997
27225.2	0.01998
27225.6	0.01998
27226	0.01998
27226.4	0.01998
27226.8	0.01998
27227.2	0.01998
27227.6	0.01999
27228	0.01998
27228.4	0.01998
27228.8	0.01997
27229.2	0.01997
27229.6	0.01998
27230	0.01998
27230.4	0.01998
27230.8	0.01998
27231.2	0.01998
27231.6	0.01998
27232	0.01998
27232.4	0.01998
27232.8	0.01998
27233.2	0.01997
27233.6	0.01999
27234	0.01997
27234.4	0.01997
27234.8	0.01997
27235.2	0.01997
27235.6	0.01998
27236	0.01998
27236.4	0.01998
27236.8	0.01998
27237.2	0.01999
27237.6	0.01999
27238	0.01998
27238.4	0.01997
27238.8	0.01997
27239.2	0.01997
27239.6	0.01997
27240	0.01997
27260	0.01998
27280	0.01998
27300	0.01998
27320	0.01997
27340	0.01998
27360	0.01998
27380	0.01997
27400	0.01998
27420	0.01997
27440	0.01998
27460	0.01998
27480	0.01998
27500	0.01998
27520	0.01997
27540	0.01998
27560	0.01997
27580	0.01998
27600	0.01997
27620	0.01999
27640	0.01998
27660	0.01998
27680	0.01998
27700	0.01998
27720	0.01998
27740	0.01998
27760	0.01997
27780	0.01998
27800	0.01999
27820	0.01998
27840	0.01999
27860	0.01997
27880	0.01998
27900	0.01997
27920	0.01997
27940	0.01998
27960	0.01998
27980	0.01998
28000	0.01998
28020	0.01998
28040	0.01998
28060	0.01998
28080	0.01998
28100	0.01998
28120	0.01998
28140	0.01997
28160	0.01999
28180	0.01998
28200	0.01998
28220	0.01998
28240	0.01998
28260	0.01997
28280	0.01997
28300	0.01998
28320	0.01998
28340	0.01998
28360	0.01997
28380	0.01997
28400	0.01998
28420	0.01998
28440	0.01997
28460	0.01999
28480	0.01997
28500	0.01998
28520	0.01998
28540	0.01997
28560	0.01997
28580	0.01999
28600	0.01997
28620	0.01998
28640	0.01998
28660	0.01998
28680	0.01997
28700	0.01998
28720	0.01999
28740	0.01998
28760	0.01999
28780	0.01999
28800	0.01998
28820	0.01998
28840	0.01998
28860	0.01998
28880	0.01998
28900	0.01998
28920	0.01998
28940	0.01998
28960	0.01998
28980	0.01998
29000	0.01998
29020	0.01997
29040	0.01998
29060	0.01997
29080	0.01997
29100	0.01999
29120	0.01999
29140	0.01997
29160	0.01998
29180	0.01998
29200	0.01997
29220	0.01997
29240	0.01997
29260	0.01999
29280	0.01998
29300	0.01998
29320	0.01997
29340	0.01998
29360	0.01997
29380	0.01999
29400	0.01997
29420	0.01999
29440	0.01998
29460	0.01998
29480	0.01998
29500	0.01998
29520	0.01998
29540	0.01998
29560	0.01998
29580	0.01998
29600	0.01999
29620	0.01998
29640	0.01998
29660	0.01998
29680	0.01997
29700	0.01998
29720	0.01998
29740	0.01997
29760	0.01998
29780	0.01998
29800	0.01999
29820	0.01998
29840	0.01998
29860	0.01998
29880	0.01997
29900	0.01998
29920	0.01992
29920.4	0.01951
29920.8	0.01913
29921.2	0.01872
29921.6	0.01844
29922	0.01788
29922.4	0.01745
29922.8	0.01709
29923.2	0.01670
29923.6	0.01632
29924	0.01592
29924.4	0.01552
29924.8	0.01512
29925.2	0.01473
29925.6	0.01431
29926	0.01392
29926.4	0.01351
29926.8	0.01312
29927.2	0.01273
29927.6	0.01232
29928	0.01191
29928.4	0.01152
29928.8	0.01112
29929.2	0.01072
29929.6	0.01031
29930	0.00991
29930.4	0.00953
29930.8	0.00910
29931.2	0.00874
29931.6	0.00830
29932	0.00792
29932.4	0.00753
29932.8	0.00712
29933.2	0.00672
29933.6	0.00632
29934	0.00592
29934.4	0.00552
29934.8	0.00513
29935.2	0.00471
29935.6	0.00430
29936	0.00392
29936.4	0.00352
29936.8	0.00312
29937.2	0.00272
29937.6	0.00232
29938	0.00191
29938.4	0.00151
29938.8	0.00113
29939.2	0.00071
29939.6	0.00031
29940	-0.00004
29940.4	-0.00002
29940.8	-0.00005
29941.2	-0.00001
29941.6	-0.00002
29942	-0.00003
29942.4	-0.00003
29942.8	-0.00003
29943.2	-0.00002
29943.6	-0.00001
29944	-0.00002
29944.4	-0.00002
29944.8	-0.00002
29945.2	-0.00003
29945.6	-0.00003
29946	-0.00002
29946.4	-0.00003
29946.8	-0.00002
29947.2	-0.00002
29947.6	-0.00003
29948	-0.00003
29948.4	-0.00003
29948.8	-0.00002
29949.2	-0.00002
29949.6	-0.00001
29950	-0.00001
29950.4	-0.00002
29950.8	-0.00002
29951.2	-0.00001
29951.6	-0.00002
29952	-0.00002
29952.4	-0.00002
29952.8	-0.00003
29953.2	-0.00002
29953.6	-0.00003
29954	-0.00003
29954.4	-0.00003
29954.8	-0.00003
29955.2	-0.00003
29955.6	-0.00003
29956	-0.00001
29956.4	0.00000
29956.8	0.00000
29957.2	0.00000
29957.6	-0.00002
29958	-0.00002
29958.4	-0.00002
29958.8	-0.00002
29959.2	-0.00002
29959.6	-0.00003
29960	-0.00002
29980	-0.00003
30000	-0.00002
30020	-0.00003
30040	-0.00002
30060	-0.00002
30080	-0.00003
30100	-0.00003
30120	-0.00002
30140	-0.00002
30160	-0.00001
30180	-0.00003
30200	-0.00002
30220	-0.00002
30240	-0.00003
30260	-0.00003
30280	-0.00002
30300	-0.00003
30320	-0.00002
30340	-0.00003
30360	-0.00002
30380	-0.00002
30400	-0.00002
30420	0.00000
30440	-0.00002
30460	-0.00003
30480	-0.00002
30500	0.00000
30520	-0.00002
30540	-0.00002
30560	-0.00001
30580	-0.00001
30600	-0.00003
30620	-0.00002
30640	-0.00003
30660	-0.00003
30680	-0.00002
30700	-0.00002
30720	-0.00003
30740	-0.00001
30760	-0.00003
30780	-0.00001
30800	-0.00002
30820	-0.00002
30840	-0.00002
30860	-0.00002
30880	-0.00003
30900	-0.00002
30920	-0.00002
30940	-0.00002
30960	-0.00001
30980	-0.00002
31000	-0.00003
31020	-0.00003
31040	-0.00002
31060	-0.00002
31080	-0.00002
31100	-0.00003
31120	-0.00002
31140	-0.00003
31160	-0.00001
31180	-0.00002
31200	-0.00002
31220	-0.00002
31240	-0.00002
31260	-0.00003
31280	-0.00002
31300	-0.00002
31320	-0.00002
31340	-0.00003
31360	-0.00003
31380	-0.00002
31400	-0.00003
31420	-0.00002
31440	-0.00002
31460	-0.00001
31480	-0.00002
31500	-0.00002
31520	-0.00002
31540	-0.00002
31560	-0.00003
31580	-0.00002
31600	-0.00002
31620	-0.00002
31640	-0.00003
31660	-0.00002
31680	-0.00002
31700	-0.00001
31720	-0.00002
31740	-0.00002
31760	-0.00002
31780	-0.00003
31800	-0.00002
31820	-0.00003
31840	-0.00001
31860	-0.00003
31880	-0.00003
31900	-0.00002
31920	-0.00002
31940	-0.00004
31960	-0.00003
31980	-0.00003
32000	-0.00002
32020	-0.00002
32040	-0.00001
32060	-0.00002
32080	-0.00003
32100	-0.00003
32120	-0.00003
32140	-0.00001
32160	-0.00002
32180	-0.00003
32200	-0.00002
32220	-0.00003
32240	-0.00003
32260	-0.00003
32280	-0.00002
32300	-0.00001
32320	-0.00002
32340	-0.00002
32360	-0.00002
32380	-0.00003
32400	-0.00002
32420	-0.00002
32440	-0.00002
32460	-0.00003
32480	-0.00002
32500	-0.00003
32520	-0.00002
32540	-0.00001
32560	-0.00001
32580	-0.00001
32600	-0.00003
32620	-0.00003
32640	-0.00002
32640.4	0.00044
32640.8	0.00082
32641.2	0.00120
32641.6	0.00155
32642	0.00205
32642.4	0.00250
32642.8	0.00286
32643.2	0.00325
32643.6	0.00364
32644	0.00405
32644.4	0.00443
32644.8	0.00483
32645.2	0.00523
32645.6	0.00564
32646	0.00603
32646.4	0.00644
32646.8	0.00682
32647.2	0.00724
32647.6	0.00763
32648	0.00803
32648.4	0.00843
32648.8	0.00883
32649.2	0.00923
32649.6	0.00963
32650	0.01005
32650.4	0.01043
32650.8	0.01083
32651.2	0.01124
32651.6	0.01163
32652	0.01203
32652.4	0.01243
32652.8	0.01283
32653.2	0.01324
32653.6	0.01365
32654	0.01402
32654.4	0.01443
32654.8	0.01484
32655.2	0.01523
32655.6	0.01563
32656	0.01604
32656.4	0.01643
32656.8	0.01683
32657.2	0.01724
32657.6	0.01762
32658	0.01804
32658.4	0.01843
32658.8	0.01883
32659.2	0.01924
32659.6	0.01962
32660	0.02001
32660.4	0.01998
32660.8	0.01999
32661.2	0.01999
32661.6	0.01998
32662	0.01998
32662.4	0.01998
32662.8	0.01998
32663.2	0.01998
32663.6	0.01998
32664	0.01998
32664.4	0.01998
32664.8	0.01998
32665.2	0.01998
32665.6	0.01998
32666	0.01998
32666.4	0.01998
32666.8	0.01998
32667.2	0.01997
32667.6	0.01997
32668	0.01997
32668.4	0.01998
32668.8	0.01999
32669.2	0.01999
32669.6	0.01998
32670	0.01998
32670.4	0.01997
32670.8	0.01998
32671.2	0.01998
32671.6	0.01998
32672	0.01997
32672.4	0.01998
32672.8	0.01998
32673.2	0.01999
32673.6	0.01999
32674	0.01997
32674.4	0.01998
32674.8	0.01998
32675.2	0.01998
32675.6	0.01997
32676	0.01998
32676.4	0.01998
32676.8	0.01998
32677.2	0.01998
32677.6	0.01998
32678	0.01997
32678.4	0.01998
32678.8	0.01998
32679.2	0.01998
32679.6	0.01998
32680	0.01998
32700	0.01997
32720	0.01998
32740	0.01997
32760	0.01997
32780	0.01997
32800	0.01997
32820	0.01998
32840	0.01998
32860	0.01998
32880	0.01998
32900	0.01998
32920	0.01997
32940	0.01999
32960	0.01999
32980	0.01998
33000	0.01997
33020	0.01997
33040	0.01998
33060	0.01998
33080	0.01998
33100	0.01998
33120	0.01998
33140	0.01998
33160	0.01998
33180	0.01998
33200	0.01998
33220	0.01997
33240	0.01998
33260	0.01999
33280	0.01998
33300	0.01997
33320	0.01999
33340	0.01998
33360	0.01998
33380	0.01999
33400	0.01998
33420	0.01998
33440	0.01997
33460	0.01998
33480	0.01997
33500	0.01999
33520	0.01998
33540	0.01997
33560	0.01997
33580	0.01997
33600	0.01998
33620	0.01998
33640	0.01998
33660	0.01996
33680	0.01999
33700	0.01999
33720	0.01998
33740	0.01998
33760	0.01997
33780	0.01997
33800	0.01998
33820	0.01998
33840	0.01998
33860	0.01998
33880	0.01997
33900	0.01998
33920	0.01998
33940	0.01998
33960	0.01998
33980	0.01997
34000	0.01997
34020	0.01998
34040	0.01998
34060	0.01997
34080	0.02000
34100	0.01999
34120	0.02000
34140	0.01997
34160	0.01997
34180	0.01998
34200	0.01997
34220	0.01998
34240	0.01997
34260	0.01997
34280	0.01998
34300	0.01999
34320	0.01998
34340	0.01997
34360	0.01998
34380	0.01999
34400	0.01999
34420	0.01998
34440	0.01998
34460	0.01997
34480	0.01998
34500	0.01999
34520	0.01998
34540	0.01999
34560	0.01997
34580	0.01998
34600	0.01999
34620	0.01997
34640	0.01997
34660	0.01999
34680	0.01998
34700	0.01997
34720	0.01997
34740	0.01998
34760	0.01998
34780	0.01998
34800	0.01998
34820	0.01997
34840	0.01997
34860	0.01997
34880	0.01998
34900	0.01998
34920	0.01998
34940	0.01998
34960	0.01998
34980	0.01997
35000	0.01997
35020	0.01998
35040	0.01998
35060	0.01997
35080	0.01998
35100	0.01997
35120	0.01999
35140	0.01998
35160	0.01998
35180	0.01998
35200	0.01998
35220	0.01997
35240	0.01997
35260	0.01998
35280	0.01998
35300	0.01997
35320	0.01998
35340	0.01997
35360	0.01998
35360.4	0.01952
35360.8	0.01914
35361.2	0.01874
35361.6	0.01842
35362	0.01796
35362.4	0.01746
35362.8	0.01710
35363.2	0.01671
35363.6	0.01632
35364	0.01593
35364.4	0.01553
35364.8	0.01513
35365.2	0.01473
35365.6	0.01434
35366	0.01392
35366.4	0.01354
35366.8	0.01311
35367.2	0.01273
35367.6	0.01233
35368	0.01193
35368.4	0.01154
35368.8	0.01113
35369.2	0.01072
35369.6	0.01034
35370	0.00992
35370.4	0.00951
35370.8	0.00915
35371.2	0.00872
35371.6	0.00831
35372	0.00794
35372.4	0.00753
35372.8	0.00712
35373.2	0.00674
35373.6	0.00633
35374	0.00593
35374.4	0.00553
35374.8	0.00512
35375.2	0.00473
35375.6	0.00433
35376	0.00392
35376.4	0.00352
35376.8	0.00314
35377.2	0.00272
35377.6	0.00231
35378	0.00194
35378.4	0.00153
35378.8	0.00113
35379.2	0.00073
35379.6	0.00032
35380	-0.00006
35380.4	-0.00003
35380.8	-0.00004
35381.2	-0.00003
35381.6	-0.00001
35382	-0.00002
35382.4	-0.00003
35382.8	-0.00002
35383.2	-0.00003
35383.6	-0.00002
35384	-0.00003
35384.4	-0.00002
35384.8	-0.00001
35385.2	-0.00002
35385.6	-0.00001
35386	-0.00003
35386.4	-0.00004
35386.8	-0.00002
35387.2	-0.00002
35387.6	-0.00003
35388	-0.00002
35388.4	-0.00002
35388.8	-0.00002
35389.2	-0.00002
35389.6	-0.00002
35390	-0.00001
35390.4	-0.00003
35390.8	-0.00002
35391.2	-0.00003
35391.6	-0.00002
35392	-0.00003
35392.4	-0.00002
35392.8	-0.00001
35393.2	-0.00002
35393.6	-0.00002
35394	-0.00001
35394.4	-0.00002
35394.8	-0.00002
35395.2	-0.00001
35395.6	-0.00003
35396	-0.00003
35396.4	-0.00003
35396.8	-0.00003
35397.2	-0.00003
35397.6	-0.00003
35398	-0.00003
35398.4	-0.00002
35398.8	-0.00002
35399.2	-0.00002
35399.6	-0.00002
35400	-0.00003
35420	-0.00002
35440	-0.00002
35460	-0.00002
35480	-0.00002
35500	-0.00002
35520	-0.00003
35540	-0.00002
35560	-0.00003
35580	-0.00002
35600	-0.00002
35620	-0.00003
35640	-0.00001
35660	-0.00002
35680	-0.00003
35700	-0.00003
35720	-0.00001
35740	-0.00003
35760	-0.00003
35780	-0.00001
35800	-0.00004
35820	-0.00003
35840	-0.00003
35860	-0.00002
35880	-0.00002
35900	-0.00001
35920	-0.00003
35940	-0.00003
35960	-0.00002
35980	-0.00001
36000	-0.00002
36020	-0.00002
36040	-0.00003
36060	-0.00002
36080	-0.00002
36100	-0.00004
36120	-0.00002
36140	-0.00002
36160	-0.00002
36180	-0.00003
36200	-0.00001
36220	-0.00001
36240	-0.00002
36260	-0.00002
36280	-0.00003
36300	-0.00002
36320	-0.00002
36340	-0.00002
36360	-0.00003
36380	-0.00003
36400	-0.00002
36420	-0.00003
36440	-0.00003
36460	-0.00002
36480	-0.00002
36500	-0.00002
36520	-0.00003
36540	-0.00002
36560	-0.00002
36580	-0.00002
36600	-0.00002
36620	-0.00002
36640	-0.00002
36660	-0.00003
36680	-0.00002
36700	-0.00002
36720	-0.00003
36740	-0.00002
36760	-0.00002
36780	-0.00003
36800	-0.00002
36820	-0.00003
36840	-0.00002
36860	-0.00003
36880	-0.00001
36900	-0.00002
36920	-0.00002
36940	-0.00003
36960	-0.00004
36980	-0.00003
37000	-0.00003
37020	-0.00002
37040	-0.00002
37060	-0.00002
37080	-0.00002
37100	-0.00003
37120	-0.00002
37140	-0.00003
37160	-0.00002
37180	-0.00003
37200	-0.00001
37220	-0.00002
37240	-0.00002
37260	-0.00002
37280	-0.00001
37300	-0.00003
37320	-0.00002
37340	-0.00002
37360	-0.00003
37380	-0.00002
37400	-0.00002
37420	-0.00002
37440	-0.00002
37460	-0.00002
37480	-0.00002
37500	-0.00003
37520	-0.00002
37540	-0.00001
37560	-0.00002
37580	-0.00001
37600	-0.00002
37620	-0.00003
37640	-0.00003
37660	-0.00002
37680	-0.00003
37700	-0.00003
37720	-0.00002
37740	-0.00002
37760	-0.00002
37780	-0.00002
37800	-0.00002
37820	-0.00004
37840	-0.00002
37860	-0.00002
37880	-0.00003
37900	-0.00002
37920	-0.00003
37940	-0.00001
37960	-0.00002
37980	-0.00003
38000	-0.00003
38020	-0.00002
38040	-0.00003
38060	-0.00002
38080	-0.00003
38080.4	0.00041
38080.8	0.00081
38081.2	0.00120
38081.6	0.00154
38082	0.00204
38082.4	0.00248
38082.8	0.00286
38083.2	0.00324
38083.6	0.00363
38084	0.00402
38084.4	0.00443
38084.8	0.00482
38085.2	0.00524
38085.6	0.00563
38086	0.00601
38086.4	0.00642
38086.8	0.00683
38087.2	0.00721
38087.6	0.00763
38088	0.00802
38088.4	0.00842
38088.8	0.00883
38089.2	0.00921
38089.6	0.00964
38090	0.01001
38090.4	0.01044
38090.8	0.01081
38091.2	0.01124
38091.6	0.01161
38092	0.01203
38092.4	0.01242
38092.8	0.01282
38093.2	0.01323
38093.6	0.01361
38094	0.01402
38094.4	0.01441
38094.8	0.01485
38095.2	0.01522
38095.6	0.01561
38096	0.01605
38096.4	0.01640
38096.8	0.01685
38097.2	0.01721
38097.6	0.01764
38098	0.01801
38098.4	0.01843
38098.8	0.01882
38099.2	0.01921
38099.6	0.01963
38100	0.02001
38100.4	0.01998
38100.8	0.01999
38101.2	0.01999
38101.6	0.01997
38102	0.01998
38102.4	0.01998
38102.8	0.01998
38103.2	0.01998
38103.6	0.01997
38104	0.01999
38104.4	0.01998
38104.8	0.01999
38105.2	0.01998
38105.6	0.01997
38106	0.01998
38106.4	0.01997
38106.8	0.01997
38107.2	0.01997
38107.6	0.01999
38108	0.01997
38108.4	0.01998
38108.8	0.01998
38109.2	0.01999
38109.6	0.01998
38110	0.01999
38110.4	0.01999
38110.8	0.01998
38111.2	0.01997
38111.6	0.01998
38112	0.01998
38112.4	0.01998
38112.8	0.01997
38113.2	0.01998
38113.6	0.01998
38114	0.01998
38114.4	0.01998
38114.8	0.01998
38115.2	0.01998
38115.6	0.01998
38116	0.01998
38116.4	0.01998
38116.8	0.01998
38117.2	0.01997
38117.6	0.01998
38118	0.01998
38118.4	0.01998
38118.8	0.01998
38119.2	0.01998
38119.6	0.01999
38120	0.01998
38140	0.01997
38160	0.01998
38180	0.01998
38200	0.01998
38220	0.01997
38240	0.01998
38260	0.01998
38280	0.01998
38300	0.01996
38320	0.01998
38340	0.01998
38360	0.01997
38380	0.01998
38400	0.01998
38420	0.01997
38440	0.01997
38460	0.01997
38480	0.01998
38500	0.01998
38520	0.01998
38540	0.01999
38560	0.01999
38580	0.01998
38600	0.01997
38620	0.01998
38640	0.01998
38660	0.01997
38680	0.01998
38700	0.01998
38720	0.01997
38740	0.01998
38760	0.01998
38780	0.01998
38800	0.01998
38820	0.01998
38840	0.01998
38860	0.01998
38880	0.01998
38900	0.01998
38920	0.01998
38940	0.01998
38960	0.01998
38980	0.01998
39000	0.01997
39020	0.01998
39040	0.01997
39060	0.01997
39080	0.01998
39100	0.01998
39120	0.01997
39140	0.01997
39160	0.01997
39180	0.01999
39200	0.01998
39220	0.01998
39240	0.01997
39260	0.01997
39280	0.01997
39300	0.01998
39320	0.01998
39340	0.01998
39360	0.01998
39380	0.01997
39400	0.01998
39420	0.01998
39440	0.01998
39460	0.01998
39480	0.01998
39500	0.01997
39520	0.01997
39540	0.01998
39560	0.01998
39580	0.01998
39600	0.01997
39620	0.01997
39640	0.01998
39660	0.01997
39680	0.01998
39700	0.01998
39720	0.01998
39740	0.01998
39760	0.01997
39780	0.01998
39800	0.01997
39820	0.01998
39840	0.01998
39860	0.01998
39880	0.01998
39900	0.01998
39920	0.01997
39940	0.01998
39960	0.01997
39980	0.01998
40000	0.01998
40020	0.01999
40040	0.01997
40060	0.01997
40080	0.01998
40100	0.01998
40120	0.01998
40140	0.01998
40160	0.01996
40180	0.01998
40200	0.01997
40220	0.01998
40240	0.01998
40260	0.01998
40280	0.01998
40300	0.01997
40320	0.01997
40340	0.01998
40360	0.01999
40380	0.01998
40400	0.01997
40420	0.01997
40440	0.01998
40460	0.01998
40480	0.01998
40500	0.01996
40520	0.01998
40540	0.01998
40560	0.01998
40580	0.01998
40600	0.01997
40620	0.01998
40640	0.01998
40660	0.01998
40680	0.01998
40700	0.01999
40720	0.01998
40740	0.01998
40760	0.01998
40780	0.01999
40800	0.01998
40800.4	0.01957
40800.8	0.01917
40801.2	0.01876
40801.6	0.01842
40802	0.01797
40802.4	0.01748
40802.8	0.01710
40803.2	0.01672
40803.6	0.01633
40804	0.01593
40804.4	0.01553
40804.8	0.01513
40805.2	0.01475
40805.6	0.01433
40806	0.01395
40806.4	0.01354
40806.8	0.01314
40807.2	0.01274
40807.6	0.01234
40808	0.01195
40808.4	0.01153
40808.8	0.01114
40809.2	0.01073
40809.6	0.01034
40810	0.00991
40810.4	0.00955
40810.8	0.00916
40811.2	0.00875
40811.6	0.00834
40812	0.00793
40812.4	0.00753
40812.8	0.00713
40813.2	0.00675
40813.6	0.00634
40814	0.00593
40814.4	0.00554
40814.8	0.00514
40815.2	0.00473
40815.6	0.00434
40816	0.00394
40816.4	0.00353
40816.8	0.00315
40817.2	0.00274
40817.6	0.00234
40818	0.00193
40818.4	0.00155
40818.8	0.00113
40819.2	0.00074
40819.6	0.00034
40820	-0.00005
40820.4	-0.00002
40820.8	-0.00005
40821.2	-0.00002
40821.6	-0.00002
40822	-0.00002
40822.4	-0.00002
40822.8	-0.00003
40823.2	-0.00003
40823.6	-0.00003
40824	-0.00002
40824.4	-0.00002
40824.8	-0.00002
40825.2	-0.00002
40825.6	-0.00002
40826	-0.00003
40826.4	-0.00003
40826.8	-0.00002
40827.2	-0.00002
40827.6	-0.00002
40828	-0.00002
40828.4	-0.00003
40828.8	-0.00002
40829.2	-0.00001
40829.6	-0.00001
40830	-0.00002
40830.4	-0.00002
40830.8	-0.00003
40831.2	-0.00003
40831.6	-0.00003
40832	-0.00002
40832.4	-0.00003
40832.8	-0.00002
40833.2	-0.00003
40833.6	-0.00002
40834	-0.00002
40834.4	-0.00001
40834.8	-0.00002
40835.2	-0.00001
40835.6	-0.00001
40836	-0.00001
40836.4	-0.00002
40836.8	-0.00003
40837.2	-0.00002
40837.6	-0.00003
40838	-0.00003
40838.4	-0.00002
40838.8	-0.00001
40839.2	-0.00001
40839.6	-0.00002
40840	-0.00003
40860	-0.00002
40880	-0.00003
40900	-0.00003
40920	-0.00003
40940	-0.00002
40960	-0.00001
40980	-0.00002
41000	-0.00002
41020	-0.00002
41040	-0.00002
41060	-0.00003
41080	-0.00001
41100	-0.00003
41120	-0.00002
41140	-0.00002
41160	-0.00001
41180	-0.00002
41200	-0.00001
41220	-0.00003
41240	-0.00002
41260	-0.00002
41280	-0.00003
41300	-0.00003
41320	-0.00002
41340	-0.00001
41360	-0.00002
41380	-0.00003
41400	-0.00001
41420	-0.00003
41440	-0.00002
41460	-0.00002
41480	-0.00002
41500	-0.00002
41520	-0.00003
41540	-0.00002
41560	-0.00003
41580	-0.00003
41600	-0.00002
41620	-0.00002
41640	-0.00002
41660	0.00000
41680	-0.00002
41700	-0.00001
41720	-0.00002
41740	-0.00002
41760	-0.00001
41780	-0.00003
41800	-0.00003
41820	-0.00002
41840	-0.00001
41860	-0.00002
41880	-0.00002
41900	-0.00002
41920	-0.00003
41940	-0.00003
41960	-0.00003
41980	-0.00002
42000	-0.00003
42020	-0.00002
42040	-0.00001
42060	-0.00002
42080	-0.00002
42100	-0.00003
42120	-0.00001
42140	-0.00003
42160	-0.00002
42180	-0.00001
42200	-0.00002
42220	-0.00003
42240	-0.00002
42260	-0.00003
42280	-0.00002
42300	-0.00003
42320	-0.00003
42340	-0.00002
42360	-0.00002
42380	-0.00002
42400	-0.00002
42420	-0.00002
42440	-0.00002
42460	-0.00003
42480	-0.00002
42500	-0.00002
42520	-0.00003
42540	-0.00003
42560	-0.00003
42580	-0.00002
42600	-0.00003
42620	-0.00003
42640	-0.00002
42660	-0.00003
42680	-0.00001
42700	-0.00002
42720	-0.00003
42740	-0.00002
42760	-0.00002
42780	-0.00002
42800	-0.00002
42820	-0.00002
42840	-0.00002
42860	-0.00001
42880	-0.00002
42900	-0.00003
42920	-0.00001
42940	-0.00001
42960	-0.00002
42980	-0.00002
43000	-0.00002
43020	-0.00003
43040	-0.00002
43060	-0.00003
43080	-0.00001
43100	-0.00003
43120	-0.00002
43140	-0.00002
43160	-0.00003
43180	-0.00002
43200	-0.00002
43220	-0.00003
43240	-0.00003
43260	-0.00002
43280	-0.00002
43300	-0.00002
43320	-0.00002
43340	-0.00002
43360	-0.00002
43380	-0.00002
43400	-0.00003
43420	-0.00002
43440	-0.00002
43460	-0.00001
43480	-0.00003
43500	-0.00001
43520	-0.00002
43520.4	0.00038
43520.8	0.00079
43521.2	0.00119
43521.6	0.00154
43522	0.00197
43522.4	0.00249
43522.8	0.00285
43523.2	0.00323
43523.6	0.00362
43524	0.00401
43524.4	0.00442
43524.8	0.00482
43525.2	0.00520
43525.6	0.00562
43526	0.00600
43526.4	0.00642
43526.8	0.00682
43527.2	0.00722
43527.6	0.00762
43528	0.00802
43528.4	0.00842
43528.8	0.00880
43529.2	0.00922
43529.6	0.00961
43530	0.01000
43530.4	0.01042
43530.8	0.01081
43531.2	0.01123
43531.6	0.01161
43532	0.01201
43532.4	0.01243
43532.8	0.01280
43533.2	0.01323
43533.6	0.01361
43534	0.01401
43534.4	0.01441
43534.8	0.01481
43535.2	0.01521
43535.6	0.01562
43536	0.01601
43536.4	0.01641
43536.8	0.01681
43537.2	0.01722
43537.6	0.01761
43538	0.01802
43538.4	0.01842
43538.8	0.01882
43539.2	0.01921
43539.6	0.01961
43540	0.01999
43540.4	0.01998
43540.8	0.02000
43541.2	0.02000
43541.6	0.01997
43542	0.01997
43542.4	0.01998
43542.8	0.01998
43543.2	0.01999
43543.6	0.01998
43544	0.01998
43544.4	0.01997
43544.8	0.01998
43545.2	0.01998
43545.6	0.01998
43546	0.01998
43546.4	0.01998
43546.8	0.01998
43547.2	0.01998
43547.6	0.01998
43548	0.01997
43548.4	0.01998
43548.8	0.01998
43549.2	0.01998
43549.6	0.01998
43550	0.01998
43550.4	0.01997
43550.8	0.01998
43551.2	0.01999
43551.6	0.01998
43552	0.01998
43552.4	0.01997
43552.8	0.01998
43553.2	0.01997
43553.6	0.01998
43554	0.01998
43554.4	0.01998
43554.8	0.01998
43555.2	0.01998
43555.6	0.01998
43556	0.01998
43556.4	0.01998
43556.8	0.01998
43557.2	0.01997
43557.6	0.01998
43558	0.01998
43558.4	0.01997
43558.8	0.01997
43559.2	0.01997
43559.6	0.01996
43560	0.01997
43580	0.01997
43600	0.01998
43620	0.01998
43640	0.01998
43660	0.01997
43680	0.01999
43700	0.01997
43720	0.01998
43740	0.01997
43760	0.01998
43780	0.01997
43800	0.01999
43820	0.01998
43840	0.01997
43860	0.01997
43880	0.01998
43900	0.01998
43920	0.01999
43940	0.01998
43960	0.01999
43980	0.01997
44000	0.01998
44020	0.01999
44040	0.01997
44060	0.01998
44080	0.01997
44100	0.01997
44120	0.01998
44140	0.01998
44160	0.01998
44180	0.01998
44200	0.01998
44220	0.01998
44240	0.01998
44260	0.01998
44280	0.01998
44300	0.01998
44320	0.01997
44340	0.01998
44360	0.01998
44380	0.01998
44400	0.01997
44420	0.01998
44440	0.01997
44460	0.01999
44480	0.01998
44500	0.01997
44520	0.01998
44540	0.01997
44560	0.01997
44580	0.01998
44600	0.01996
44620	0.01998
44640	0.01998
44660	0.01998
44680	0.01998
44700	0.01997
44720	0.01998
44740	0.01998
44760	0.01998
44780	0.01997
44800	0.01998
44820	0.01998
44840	0.01997
44860	0.01998
44880	0.01998
44900	0.01998
44920	0.01997
44940	0.01998
44960	0.01998
44980	0.01998
45000	0.01997
45020	0.01998
45040	0.01996
45060	0.01998
45080	0.01998
45100	0.01997
45120	0.01999
45140	0.01997
45160	0.01998
45180	0.01998
45200	0.01997
45220	0.01999
45240	0.01998
45260	0.01998
45280	0.01998
45300	0.01997
45320	0.01997
45340	0.01997
45360	0.01998
45380	0.01998
45400	0.01997
45420	0.01998
45440	0.01998
45460	0.01998
45480	0.01998
45500	0.01998
45520	0.01998
45540	0.01998
45560	0.01999
45580	0.01996
45600	0.01998
45620	0.01998
45640	0.01998
45660	0.01998
45680	0.01998
45700	0.01998
45720	0.01998
45740	0.01997
45760	0.01998
45780	0.01998
45800	0.01998
45820	0.01998
45840	0.01998
45860	0.01997
45880	0.01998
45900	0.01997
45920	0.01998
45940	0.01997
45960	0.01997
45980	0.01997
46000	0.01999
46020	0.01997
46040	0.01998
46060	0.01999
46080	0.01997
46100	0.01997
46120	0.01998
46140	0.01999
46160	0.01998
46180	0.01997
46200	0.01998
46220	0.01999
46240	0.01998
46240.4	0.01955
46240.8	0.01916
46241.2	0.01876
46241.6	0.01845
46242	0.01796
46242.4	0.01748
46242.8	0.01712
46243.2	0.01674
46243.6	0.01633
46244	0.01595
46244.4	0.01555
46244.8	0.01516
46245.2	0.01475
46245.6	0.01436
46246	0.01394
46246.4	0.01355
46246.8	0.01315
46247.2	0.01275
46247.6	0.01235
46248	0.01193
46248.4	0.01156
46248.8	0.01112
46249.2	0.01076
46249.6	0.01033
46250	0.00995
46250.4	0.00955
46250.8	0.00915
46251.2	0.00875
46251.6	0.00835
46252	0.00795
46252.4	0.00756
46252.8	0.00714
46253.2	0.00675
46253.6	0.00636
46254	0.00594
46254.4	0.00555
46254.8	0.00515
46255.2	0.00476
46255.6	0.00434
46256	0.00394
46256.4	0.00355
46256.8	0.00316
46257.2	0.00273
46257.6	0.00236
46258	0.00195
46258.4	0.00154
46258.8	0.00115
46259.2	0.00075
46259.6	0.00034
46260	-0.00004
46260.4	-0.00003
46260.8	-0.00004
46261.2	-0.00004
46261.6	-0.00003
46262	-0.00001
46262.4	-0.00002
46262.8	-0.00002
46263.2	-0.00002
46263.6	-0.00003
46264	-0.00002
46264.4	-0.00002
46264.8	-0.00003
46265.2	-0.00002
46265.6	-0.00003
46266	-0.00002
46266.4	-0.00002
46266.8	-0.00003
46267.2	-0.00002
46267.6	-0.00002
46268	-0.00001
46268.4	-0.00002
46268.8	-0.00001
46269.2	-0.00003
46269.6	-0.00002
46270	-0.00003
46270.4	-0.00002
46270.8	-0.00003
46271.2	-0.00003
46271.6	-0.00002
46272	-0.00001
46272.4	-0.00002
46272.8	-0.00002
46273.2	-0.00002
46273.6	-0.00002
46274	-0.00002
46274.4	-0.00002
46274.8	-0.00002
46275.2	-0.00003
46275.6	-0.00003
46276	-0.00003
46276.4	-0.00003
46276.8	-0.00003
46277.2	-0.00002
46277.6	-0.00002
46278	-0.00001
46278.4	-0.00002
46278.8	-0.00001
46279.2	-0.00002
46279.6	-0.00001
46280	-0.00002
46300	-0.00003
46320	-0.00003
46340	-0.00002
46360	-0.00003
46380	-0.00003
46400	-0.00003
46420	-0.00002
46440	-0.00002
46460	-0.00003
46480	-0.00003
46500	-0.00002
46520	-0.00002
46540	-0.00002
46560	-0.00002
46580	-0.00002
46600	-0.00002
46620	-0.00002
46640	-0.00002
46660	-0.00003
46680	-0.00001
46700	0.00000
46720	-0.00002
46740	-0.00001
46760	-0.00003
46780	-0.00002
46800	-0.00003
46820	-0.00002
46840	-0.00002
46860	-0.00002
46880	-0.00002
46900	-0.00003
46920	-0.00001
46940	-0.00003
46960	-0.00003
46980	-0.00002
47000	-0.00003
47020	-0.00002
47040	-0.00001
47060	-0.00002
47080	-0.00003
47100	-0.00002
47120	-0.00003
47140	-0.00001
47160	-0.00002
47180	-0.00003
47200	-0.00002
47220	-0.00001
47240	-0.00001
47260	-0.00002
47280	-0.00002
47300	-0.00002
47320	-0.00004
47340	-0.00002
47360	-0.00001
47380	-0.00002
47400	-0.00002
47420	-0.00002
47440	-0.00003
47460	-0.00002
47480	-0.00002
47500	-0.00002
47520	-0.00002
47540	-0.00002
47560	-0.00002
47580	-0.00002
47600	-0.00003
47620	-0.00002
47640	-0.00002
47660	-0.00002
47680	-0.00002
47700	-0.00002
47720	-0.00002
47740	-0.00002
47760	-0.00001
47780	-0.00004
47800	-0.00002
47820	-0.00001
47840	-0.00003
47860	-0.00002
47880	-0.00001
47900	-0.00002
47920	-0.00003
47940	-0.00002
47960	-0.00003
47980	-0.00002
48000	-0.00002
48020	-0.00003
48040	-0.00003
48060	-0.00002
48080	-0.00002
48100	-0.00003
48120	-0.00002
48140	-0.00002
48160	-0.00003
48180	-0.00001
48200	-0.00001
48220	-0.00002
48240	-0.00002
48260	-0.00003
48280	-0.00001
48300	-0.00002
48320	-0.00003
48340	-0.00002
48360	-0.00001
48380	-0.00002
48400	-0.00002
48420	-0.00003
48440	-0.00002
48460	-0.00003
48480	-0.00003
48500	-0.00002
48520	-0.00002
48540	-0.00003
48560	-0.00002
48580	-0.00003
48600	-0.00002
48620	-0.00002
48640	-0.00002
48660	-0.00002
48680	-0.00003
48700	-0.00001
48720	0.00000
48740	-0.00003
48760	-0.00003
48780	-0.00003
48800	-0.00002
48820	0.00000
48840	-0.00003
48860	-0.00002
48880	-0.00001
48900	-0.00001
48920	-0.00001
48940	-0.00003
48960	-0.00002
48960.4	0.00040
48960.8	0.00077
48961.2	0.00118
48961.6	0.00152
48962	0.00201
48962.4	0.00246
48962.8	0.00283
48963.2	0.00321
48963.6	0.00361
48964	0.00401
48964.4	0.00441
48964.8	0.00481
48965.2	0.00520
48965.6	0.00561
48966	0.00600
48966.4	0.00640
48966.8	0.00682
48967.2	0.00719
48967.6	0.00762
48968	0.00799
48968.4	0.00842
48968.8	0.00880
48969.2	0.00921
48969.6	0.00959
48970	0.01000
48970.4	0.01039
48970.8	0.01081
48971.2	0.01122
48971.6	0.01159
48972	0.01202
48972.4	0.01239
48972.8	0.01281
48973.2	0.01320
48973.6	0.01360
48974	0.01400
48974.4	0.01440
48974.8	0.01480
48975.2	0.01520
48975.6	0.01561
48976	0.01600
48976.4	0.01640
48976.8	0.01681
48977.2	0.01720
48977.6	0.01760
48978	0.01800
48978.4	0.01840
48978.8	0.01880
48979.2	0.01921
48979.6	0.01959
48980	0.01999
48980.4	0.01998
48980.8	0.01999
48981.2	0.01999
48981.6	0.01997
48982	0.01998
48982.4	0.01999
48982.8	0.01999
48983.2	0.01998
48983.6	0.01998
48984	0.01998
48984.4	0.01998
48984.8	0.01998
48985.2	0.01998
48985.6	0.01997
48986	0.01997
48986.4	0.01998
48986.8	0.01999
48987.2	0.01997
48987.6	0.01998
48988	0.01997
48988.4	0.01997
48988.8	0.01997
48989.2	0.01998
48989.6	0.01998
48990	0.01999
48990.4	0.01998
48990.8	0.01999
48991.2	0.01998
48991.6	0.01997
48992	0.01999
48992.4	0.01996
48992.8	0.01997
48993.2	0.01997
48993.6	0.01998
48994	0.01997
48994.4	0.01997
48994.8	0.01998
48995.2	0.01998
48995.6	0.01998
48996	0.01998
48996.4	0.01998
48996.8	0.01999
48997.2	0.01998
48997.6	0.01998
48998	0.01998
48998.4	0.01998
48998.8	0.01999
48999.2	0.01999
48999.6	0.01999
49000	0.01997
49020	0.01998
49040	0.01998
49060	0.01998
49080	0.01998
49100	0.01998
49120	0.01998
49140	0.01998
49160	0.01997
49180	0.01998
49200	0.01998
49220	0.01998
49240	0.01998
49260	0.01998
49280	0.01998
49300	0.01999
49320	0.01998
49340	0.01998
49360	0.01998
49380	0.01997
49400	0.01998
49420	0.01998
49440	0.01997
49460	0.01998
49480	0.01999
49500	0.01997
49520	0.01998
49540	0.01998
49560	0.01998
49580	0.01998
49600	0.01998
49620	0.01999
49640	0.01998
49660	0.01998
49680	0.01998
49700	0.01998
49720	0.01998
49740	0.01997
49760	0.01997
49780	0.01998
49800	0.01996
49820	0.01997
49840	0.01998
49860	0.01998
49880	0.01997
49900	0.01998
49920	0.01998
49940	0.01996
49960	0.01999
49980	0.01998
50000	0.01998
50020	0.01998
50040	0.01997
50060	0.01997
50080	0.01998
50100	0.01998
50120	0.01997
50140	0.01998
50160	0.01998
50180	0.01997
50200	0.01999
50220	0.01998
50240	0.01997
50260	0.01997
50280	0.01998
50300	0.01998
50320	0.01998
50340	0.01998
50360	0.01998
50380	0.01998
50400	0.01998
50420	0.01998
50440	0.01998
50460	0.01998
50480	0.01998
50500	0.01998
50520	0.01998
50540	0.01998
50560	0.01998
50580	0.01997
50600	0.01998
50620	0.01997
50640	0.01998
50660	0.01997
50680	0.01998
50700	0.01997
50720	0.01998
50740	0.01998
50760	0.01998
50780	0.01998
50800	0.01997
50820	0.01998
50840	0.01997
50860	0.01998
50880	0.01998
50900	0.01999
50920	0.01998
50940	0.01998
50960	0.01997
50980	0.01997
51000	0.01998
51020	0.01998
51040	0.01998
51060	0.01998
51080	0.01998
51100	0.01998
51120	0.01998
51140	0.01999
51160	0.01999
51180	0.01997
51200	0.01998
51220	0.01998
51240	0.01998
51260	0.01997
51280	0.01998
51300	0.01998
51320	0.01998
51340	0.01998
51360	0.01998
51380	0.01998
51400	0.01998
51420	0.01998
51440	0.01998
51460	0.01998
51480	0.01998
51500	0.01997
51520	0.01998
51540	0.01998
51560	0.01997
51580	0.01998
51600	0.01997
51620	0.01997
51640	0.01997
51660	0.01998
51680	0.01998
51680.4	0.01960
51680.8	0.01919
51681.2	0.01880
51681.6	0.01846
51682	0.01798
51682.4	0.01750
51682.8	0.01713
51683.2	0.01675
51683.6	0.01634
51684	0.01596
51684.4	0.01556
51684.8	0.01516
51685.2	0.01477
51685.6	0.01435
51686	0.01396
51686.4	0.01355
51686.8	0.01315
51687.2	0.01275
51687.6	0.01237
51688	0.01194
51688.4	0.01157
51688.8	0.01117
51689.2	0.01075
51689.6	0.01035
51690	0.00998
51690.4	0.00957
51690.8	0.00915
51691.2	0.00873
51691.6	0.00835
51692	0.00796
51692.4	0.00757
51692.8	0.00714
51693.2	0.00677
51693.6	0.00635
51694	0.00595
51694.4	0.00556
51694.8	0.00516
51695.2	0.00475
51695.6	0.00437
51696	0.00396
51696.4	0.00356
51696.8	0.00317
51697.2	0.00274
51697.6	0.00236
51698	0.00197
51698.4	0.00155
51698.8	0.00115
51699.2	0.00077
51699.6	0.00035
51700	-0.00005
51700.4	-0.00002
51700.8	-0.00004
51701.2	-0.00003
51701.6	-0.00001
51702	-0.00001
51702.4	-0.00002
51702.8	-0.00003
51703.2	-0.00004
51703.6	-0.00003
51704	-0.00002
51704.4	-0.00001
51704.8	-0.00002
51705.2	-0.00002
51705.6	-0.00002
51706	-0.00002
51706.4	0.00000
51706.8	-0.00001
51707.2	-0.00001
51707.6	-0.00002
51708	-0.00002
51708.4	-0.00003
51708.8	-0.00003
51709.2	-0.00003
51709.6	-0.00003
51710	-0.00004
51710.4	-0.00001
51710.8	-0.00001
51711.2	-0.00001
51711.6	-0.00001
51712	-0.00002
51712.4	-0.00002
51712.8	-0.00002
51713.2	-0.00003
51713.6	-0.00002
51714	-0.00003
51714.4	-0.00002
51714.8	-0.00002
51715.2	-0.00002
51715.6	-0.00003
51716	-0.00003
51716.4	-0.00003
51716.8	-0.00003
51717.2	-0.00003
51717.6	-0.00002
51718	-0.00003
51718.4	-0.00002
51718.8	-0.00003
51719.2	-0.00003
51719.6	-0.00002
51720	-0.00002
51740	-0.00003
51760	-0.00003
51780	-0.00001
51800	-0.00002
51820	-0.00002
51840	-0.00002
51860	-0.00002
51880	-0.00003
51900	-0.00003
51920	-0.00003
51940	-0.00002
51960	-0.00002
51980	-0.00002
52000	-0.00002
52020	-0.00002
52040	-0.00002
52060	-0.00003
52080	-0.00003
52100	-0.00002
52120	-0.00002
52140	-0.00002
52160	-0.00002
52180	-0.00004
52200	-0.00002
52220	-0.00003
52240	-0.00003
52260	-0.00001
52280	-0.00002
52300	-0.00003
52320	-0.00002
52340	-0.00002
52360	-0.00002
52380	-0.00002
52400	0.00000
52420	-0.00002
52440	-0.00002
52460	-0.00002
52480	-0.00002
52500	-0.00002
52520	-0.00002
52540	-0.00002
52560	-0.00002
52580	-0.00002
52600	-0.00003
52620	-0.00002
52640	-0.00002
52660	-0.00001
52680	-0.00002
52700	-0.00001
52720	-0.00003
52740	-0.00002
52760	-0.00002
52780	-0.00001
52800	-0.00002
52820	-0.00002
52840	-0.00002
52860	-0.00003
52880	-0.00001
52900	-0.00002
52920	-0.00002
52940	-0.00002
52960	-0.00001
52980	-0.00002
53000	-0.00002
53020	-0.00002
53040	-0.00003
53060	-0.00002
53080	-0.00002
53100	-0.00001
53120	-0.00002
53140	-0.00002
53160	-0.00001
53180	-0.00003
53200	-0.00002
53220	-0.00003
53240	-0.00003
53260	-0.00003
53280	-0.00002
53300	-0.00002
53320	-0.00002
53340	-0.00002
53360	-0.00002
53380	-0.00002
53400	-0.00002
53420	-0.00002
53440	-0.00001
53460	-0.00001
53480	-0.00002
53500	-0.00002
53520	-0.00002
53540	-0.00002
53560	-0.00002
53580	-0.00002
53600	-0.00002
53620	-0.00002
53640	-0.00001
53660	-0.00002
53680	-0.00001
53700	-0.00001
53720	-0.00003
53740	-0.00002
53760	-0.00003
53780	-0.00003
53800	-0.00002
53820	-0.00002
53840	-0.00002
53860	-0.00001
53880	-0.00001
53900	-0.00002
53920	-0.00002
53940	-0.00002
53960	-0.00002
53980	-0.00001
54000	-0.00001
54020	-0.00002
54040	-0.00003
54060	-0.00003
54080	-0.00002
54100	-0.00002
54120	-0.00003
54140	-0.00001
54160	-0.00002
54180	-0.00003
54200	-0.00003
54220	0.00000
54240	-0.00003
54260	-0.00002
54280	-0.00002
54300	-0.00002
54320	-0.00002
54340	-0.00002
54360	-0.00002
54380	-0.00003
54400	-0.00003
54400.4	0.00039
54400.8	0.00076
54401.2	0.00117
54401.6	0.00151
54402	0.00199
54402.4	0.00247
54402.8	0.00283
54403.2	0.00320
54403.6	0.00360
54404	0.00400
54404.4	0.00440
54404.8	0.00479
54405.2	0.00519
54405.6	0.00559
54406	0.00600
54406.4	0.00641
54406.8	0.00679
54407.2	0.00720
54407.6	0.00759
54408	0.00800
54408.4	0.00839
54408.8	0.00879
54409.2	0.00920
54409.6	0.00959
54410	0.00999
54410.4	0.01040
54410.8	0.01079
54411.2	0.01119
54411.6	0.01161
54412	0.01198
54412.4	0.01240
54412.8	0.01279
54413.2	0.01319
54413.6	0.01360
54414	0.01399
54414.4	0.01440
54414.8	0.01479
54415.2	0.01519
54415.6	0.01561
54416	0.01598
54416.4	0.01639
54416.8	0.01680
54417.2	0.01719
54417.6	0.01759
54418	0.01800
54418.4	0.01839
54418.8	0.01878
54419.2	0.01921
54419.6	0.01959
54420	0.01998
54420.4	0.01998
54420.8	0.02000
54421.2	0.01999
54421.6	0.01997
54422	0.01997
54422.4	0.01998
54422.8	0.01998
54423.2	0.01999
54423.6	0.01997
54424	0.01997
54424.4	0.01998
54424.8	0.01998
54425.2	0.02000
54425.6	0.01998
54426	0.01998
54426.4	0.01998
54426.8	0.01998
54427.2	0.01998
54427.6	0.01998
54428	0.01997
54428.4	0.01998
54428.8	0.01998
54429.2	0.01998
54429.6	0.01998
54430	0.01998
54430.4	0.01999
54430.8	0.01997
54431.2	0.01997
54431.6	0.01998
54432	0.01998
54432.4	0.01998
54432.8	0.01999
54433.2	0.01999
54433.6	0.01998
54434	0.01998
54434.4	0.01998
54434.8	0.01997
54435.2	0.01997
54435.6	0.01997
54436	0.01997
54436.4	0.01998
54436.8	0.01998
54437.2	0.01998
54437.6	0.01998
54438	0.01999
54438.4	0.01998
54438.8	0.01997
54439.2	0.01998
54439.6	0.01998
54440	0.01998
54460	0.01997
54480	0.01998
54500	0.01999
54520	0.01998
54540	0.01999
54560	0.01998
54580	0.01998
54600	0.01997
54620	0.01998
54640	0.01998
54660	0.01997
54680	0.01998
54700	0.01998
54720	0.01999
54740	0.01997
54760	0.01998
54780	0.01999
54800	0.01998
54820	0.01997
54840	0.01998
54860	0.01997
54880	0.01998
54900	0.01998
54920	0.01997
54940	0.01997
54960	0.01998
54980	0.01998
55000	0.01998
55020	0.01997
55040	0.01998
55060	0.01998
55080	0.01998
55100	0.01998
55120	0.01998
55140	0.01997
55160	0.01998
55180	0.01998
55200	0.01998
55220	0.01998
55240	0.01998
55260	0.01998
55280	0.01998
55300	0.01997
55320	0.01997
55340	0.01998
55360	0.01998
55380	0.01998
55400	0.01997
55420	0.01999
55440	0.01998
55460	0.01999
55480	0.01998
55500	0.01997
55520	0.01998
55540	0.01998
55560	0.01996
55580	0.01997
55600	0.01997
55620	0.01998
55640	0.01997
55660	0.01997
55680	0.01997
55700	0.02001
55720	0.01996
55740	0.01998
55760	0.01998
55780	0.01998
55800	0.01996
55820	0.01997
55840	0.01997
55860	0.01998
55880	0.01998
55900	0.01998
55920	0.01998
55940	0.01997
55960	0.01998
55980	0.01998
56000	0.01998
56020	0.01997
56040	0.01998
56060	0.01997
56080	0.01998
56100	0.01998
56120	0.01998
56140	0.01998
56160	0.01999
56180	0.01997
56200	0.01998
56220	0.01996
56240	0.01997
56260	0.01998
56280	0.01998
56300	0.01998
56320	0.01998
56340	0.01998
56360	0.01997
56380	0.01998
56400	0.01998
56420	0.01998
56440	0.01998
56460	0.01998
56480	0.01999
56500	0.01998
56520	0.01998
56540	0.01996
56560	0.01998
56580	0.01996
56600	0.01999
56620	0.01998
56640	0.01998
56660	0.01998
56680	0.01998
56700	0.01998
56720	0.01998
56740	0.01998
56760	0.01998
56780	0.01998
56800	0.01997
56820	0.01998
56840	0.01998
56860	0.01998
56880	0.01997
56900	0.01998
56920	0.01997
56940	0.01998
56960	0.01997
56980	0.01998
57000	0.01998
57020	0.01998
57040	0.01998
57060	0.01998
57080	0.01998
57100	0.01998
57120	0.01998
57120.4	0.01958
57120.8	0.01919
57121.2	0.01878
57121.6	0.01847
57122	0.01798
57122.4	0.01751
57122.8	0.01715
57123.2	0.01676
57123.6	0.01636
57124	0.01596
57124.4	0.01558
57124.8	0.01517
57125.2	0.01477
57125.6	0.01438
57126	0.01397
57126.4	0.01357
57126.8	0.01316
57127.2	0.01277
57127.6	0.01237
57128	0.01196
57128.4	0.01157
57128.8	0.01116
57129.2	0.01077
57129.6	0.01035
57130	0.00998
57130.4	0.00955
57130.8	0.00918
57131.2	0.00876
57131.6	0.00837
57132	0.00796
57132.4	0.00756
57132.8	0.00717
57133.2	0.00676
57133.6	0.00637
57134	0.00597
57134.4	0.00556
57134.8	0.00517
57135.2	0.00477
57135.6	0.00437
57136	0.00396
57136.4	0.00358
57136.8	0.00316
57137.2	0.00276
57137.6	0.00238
57138	0.00196
57138.4	0.00157
57138.8	0.00117
57139.2	0.00077
57139.6	0.00037
57140	-0.00002
57140.4	-0.00002
57140.8	-0.00004
57141.2	-0.00003
57141.6	-0.00002
57142	-0.00001
57142.4	-0.00003
57142.8	-0.00003
57143.2	-0.00002
57143.6	-0.00002
57144	-0.00002
57144.4	-0.00003
57144.8	-0.00002
57145.2	-0.00003
57145.6	-0.00002
57146	-0.00003
57146.4	-0.00002
57146.8	-0.00002
57147.2	-0.00001
57147.6	-0.00001
57148	-0.00002
57148.4	-0.00002
57148.8	-0.00002
57149.2	-0.00002
57149.6	-0.00001
57150	-0.00002
57150.4	-0.00001
57150.8	-0.00002
57151.2	-0.00003
57151.6	-0.00002
57152	-0.00003
57152.4	-0.00003
57152.8	-0.00002
57153.2	-0.00002
57153.6	-0.00002
57154	-0.00003
57154.4	-0.00002
57154.8	-0.00003
57155.2	-0.00002
57155.6	-0.00003
57156	-0.00002
57156.4	-0.00001
57156.8	-0.00002
57157.2	-0.00003
57157.6	-0.00003
57158	-0.00002
57158.4	-0.00002
57158.8	-0.00002
57159.2	-0.00002
57159.6	-0.00002
57160	-0.00002
57180	-0.00002
57200	-0.00002
57220	-0.00002
57240	-0.00002
57260	-0.00003
57280	-0.00002
57300	-0.00003
57320	-0.00002
57340	-0.00001
57360	-0.00002
57380	-0.00002
57400	-0.00002
57420	-0.00002
57440	-0.00002
57460	-0.00002
57480	-0.00003
57500	-0.00003
57520	-0.00003
57540	-0.00002
57560	-0.00002
57580	-0.00002
57600	-0.00002
57620	-0.00003
57640	-0.00003
57660	-0.00002
57680	-0.00003
57700	-0.00002
57720	-0.00002
57740	-0.00003
57760	-0.00001
57780	0.00000
57800	-0.00002
57820	-0.00002
57840	0.00000
57860	-0.00003
57880	-0.00002
57900	-0.00003
57920	-0.00002
57940	-0.00003
57960	-0.00003
57980	-0.00003
58000	-0.00003
58020	-0.00003
58040	-0.00001
58060	-0.00002
58080	-0.00002
58100	-0.00001
58120	-0.00002
58140	-0.00002
58160	-0.00001
58180	-0.00002
58200	-0.00002
58220	-0.00002
58240	-0.00002
58260	-0.00002
58280	-0.00003
58300	-0.00001
58320	-0.00003
58340	-0.00003
58360	-0.00003
58380	-0.00001
58400	-0.00003
58420	-0.00003
58440	-0.00002
58460	-0.00002
58480	-0.00003
58500	-0.00002
58520	-0.00002
58540	-0.00003
58560	-0.00002
58580	-0.00002
58600	-0.00002
58620	-0.00002
58640	-0.00002
58660	-0.00002
58680	-0.00001
58700	-0.00002
58720	-0.00001
58740	-0.00002
58760	-0.00003
58780	-0.00002
58800	-0.00003
58820	-0.00002
58840	-0.00002
58860	-0.00002
58880	-0.00002
58900	-0.00001
58920	-0.00002
58940	-0.00002
58960	-0.00002
58980	-0.00002
59000	-0.00002
59020	-0.00002
59040	-0.00002
59060	-0.00002
59080	-0.00002
59100	-0.00002
59120	-0.00003
59140	-0.00002
59160	-0.00002
59180	-0.00002
59200	-0.00002
59220	-0.00002
59240	-0.00003
59260	-0.00002
59280	-0.00003
59300	-0.00002
59320	-0.00002
59340	-0.00002
59360	-0.00002
59380	-0.00002
59400	-0.00002
59420	-0.00003
59440	-0.00002
59460	-0.00002
59480	-0.00002
59500	-0.00002
59520	-0.00002
59540	-0.00002
59560	-0.00002
59580	-0.00002
59600	-0.00002
59620	-0.00002
59640	-0.00003
59660	-0.00002
59680	-0.00002
59700	-0.00002
59720	-0.00002
59740	-0.00002
59760	-0.00003
59780	-0.00002
59800	-0.00002
59820	-0.00002
59840	0.00000
59840.4	0.00035
59840.8	0.00077
59841.2	0.00117
59841.6	0.00151
59842	0.00199
59842.4	0.00243
59842.8	0.00281
59843.2	0.00320
59843.6	0.00359
59844	0.00399
59844.4	0.00438
59844.8	0.00478
59845.2	0.00518
59845.6	0.00558
59846	0.00599
59846.4	0.00639
59846.8	0.00679
59847.2	0.00719
59847.6	0.00758
59848	0.00798
59848.4	0.00839
59848.8	0.00878
59849.2	0.00918
59849.6	0.00959
59850	0.00999
59850.4	0.01039
59850.8	0.01079
59851.2	0.01118
59851.6	0.01158
59852	0.01198
59852.4	0.01238
59852.8	0.01279
59853.2	0.01318
59853.6	0.01358
59854	0.01398
59854.4	0.01438
59854.8	0.01478
59855.2	0.01518
59855.6	0.01559
59856	0.01598
59856.4	0.01639
59856.8	0.01678
59857.2	0.01718
59857.6	0.01758
59858	0.01798
59858.4	0.01839
59858.8	0.01878
59859.2	0.01918
59859.6	0.01958
59860	0.01996
59860.4	0.01998
59860.8	0.01998
59861.2	0.01998
59861.6	0.01998
59862	0.01998
59862.4	0.01998
59862.8	0.01998
59863.2	0.01998
59863.6	0.01998
59864	0.01998
59864.4	0.01998
59864.8	0.01998
59865.2	0.01998
59865.6	0.01998
59866	0.01998
59866.4	0.01997
59866.8	0.01998
59867.2	0.01998
59867.6	0.01997
59868	0.01998
59868.4	0.01998
59868.8	0.01998
59869.2	0.01997
59869.6	0.01998
59870	0.01998
59870.4	0.01997
59870.8	0.01998
59871.2	0.01998
59871.6	0.01998
59872	0.01998
59872.4	0.01998
59872.8	0.01998
59873.2	0.01998
59873.6	0.01998
59874	0.01998
59874.4	0.01998
59874.8	0.01998
59875.2	0.01998
59875.6	0.01998
59876	0.01998
59876.4	0.01998
59876.8	0.01998
59877.2	0.01998
59877.6	0.01998
59878	0.01998
59878.4	0.01998
59878.8	0.01997
59879.2	0.01998
59879.6	0.01998
59880	0.01998
59900	0.01998
59920	0.01998
59940	0.01998
59960	0.01998
59980	0.01998
60000	0.01998
60020	0.01998
60040	0.01998
60060	0.01998
60080	0.01998
60100	0.01998
60120	0.01998
60140	0.01998
60160	0.01998
60180	0.01997
60200	0.01998
60220	0.01998
60240	0.01998
60260	0.01998
60280	0.01998
60300	0.01998
60320	0.01998
60340	0.01998
60360	0.01998
60380	0.01998
60400	0.01998
60420	0.01998
60440	0.01998
60460	0.01998
60480	0.01998
60500	0.01998
60520	0.01998
60540	0.01998
60560	0.01998
60580	0.01998
60600	0.01998
60620	0.01998
60640	0.01998
60660	0.01998
60680	0.01997
60700	0.01998
60720	0.01998
60740	0.01998
60760	0.01998
60780	0.01998
60800	0.01998
60820	0.01998
60840	0.01998
60860	0.01998
60880	0.01998
60900	0.01998
60920	0.01998
60940	0.01998
60960	0.01998
60980	0.01998
61000	0.01998
61020	0.01998
61040	0.01998
61060	0.01998
61080	0.01998
61100	0.01998
61120	0.01998
61140	0.01998
61160	0.01998
61180	0.01998
61200	0.01998
61220	0.01998
61240	0.01998
61260	0.01998
61280	0.01998
61300	0.01998
61320	0.01998
61340	0.01998
61360	0.01998
61380	0.01998
61400	0.01998
61420	0.01998
61440	0.01998
61460	0.01999
61480	0.01998
61500	0.01998
61520	0.01998
61540	0.01998
61560	0.01998
61580	0.01998
61600	0.01998
61620	0.01998
61640	0.01998
61660	0.01998
61680	0.01998
61700	0.01998
61720	0.01998
61740	0.01998
61760	0.01998
61780	0.01998
61800	0.01998
61820	0.01998
61840	0.01998
61860	0.01998
61880	0.01998
61900	0.01998
61920	0.01998
61940	0.01998
61960	0.01998
61980	0.01998
62000	0.01998
62020	0.01998
62040	0.01998
62060	0.01998
62080	0.01998
62100	0.01998
62120	0.01998
62140	0.01998
62160	0.01998
62180	0.01998
62200	0.01998
62220	0.01998
62240	0.01998
62260	0.01998
62280	0.01998
62300	0.01998
62320	0.01998
62340	0.01998
62360	0.01998
62380	0.01998
62400	0.01998
62420	0.01998
62440	0.01998
62460	0.01998
62480	0.01998
62500	0.01998
62520	0.01997
62540	0.01998
62560	0.01996
62560.4	0.01961
62560.8	0.01919
62561.2	0.01878
62561.6	0.01848
62562	0.01801
62562.4	0.01752
62562.8	0.01715
62563.2	0.01677
62563.6	0.01637
62564	0.01597
62564.4	0.01558
62564.8	0.01517
62565.2	0.01478
62565.6	0.01438
62566	0.01398
62566.4	0.01358
62566.8	0.01318
62567.2	0.01278
62567.6	0.01237
62568	0.01197
62568.4	0.01158
62568.8	0.01118
62569.2	0.01078
62569.6	0.01038
62570	0.00998
62570.4	0.00958
62570.8	0.00918
62571.2	0.00878
62571.6	0.00838
62572	0.00798
62572.4	0.00758
62572.8	0.00718
62573.2	0.00678
62573.6	0.00638
62574	0.00598
62574.4	0.00558
62574.8	0.00518
62575.2	0.00477
62575.6	0.00438
62576	0.00398
62576.4	0.00358
62576.8	0.00317
62577.2	0.00278
62577.6	0.00237
62578	0.00197
62578.4	0.00157
62578.8	0.00117
62579.2	0.00078
62579.6	0.00038
62580	0.00000
62580.4	-0.00003
62580.8	-0.00002
62581.2	-0.00002
62581.6	-0.00002
62582	-0.00002
62582.4	-0.00003
62582.8	-0.00002
62583.2	-0.00002
62583.6	-0.00002
62584	-0.00002
62584.4	-0.00002
62584.8	-0.00002
62585.2	-0.00002
62585.6	-0.00002
62586	-0.00002
62586.4	-0.00002
62586.8	-0.00002
62587.2	-0.00002
62587.6	-0.00002
62588	-0.00002
62588.4	-0.00002
62588.8	-0.00002
62589.2	-0.00002
62589.6	-0.00002
62590	-0.00002
62590.4	-0.00002
62590.8	-0.00002
62591.2	-0.00003
62591.6	-0.00002
62592	-0.00002
62592.4	-0.00002
62592.8	-0.00003
62593.2	-0.00003
62593.6	-0.00002
62594	-0.00002
62594.4	-0.00002
62594.8	-0.00002
62595.2	-0.00002
62595.6	-0.00002
62596	-0.00002
62596.4	-0.00002
62596.8	-0.00003
62597.2	-0.00002
62597.6	-0.00002
62598	-0.00002
62598.4	-0.00002
62598.8	-0.00002
62599.2	-0.00002
62599.6	-0.00002
62600	-0.00002
62620	-0.00002
62640	-0.00002
62660	-0.00002
62680	-0.00001
62700	-0.00002
62720	-0.00002
62740	-0.00002
62760	-0.00002
62780	-0.00003
62800	-0.00002
62820	-0.00002
62840	-0.00002
62860	-0.00002
62880	-0.00002
62900	-0.00002
62920	-0.00002
62940	-0.00002
62960	-0.00002
62980	-0.00002
63000	-0.00002
63020	-0.00002
63040	-0.00002
63060	-0.00002
63080	-0.00003
63100	-0.00002
63120	-0.00002
63140	-0.00002
63160	-0.00002
63180	-0.00002
63200	-0.00002
63220	-0.00003
63240	-0.00003
63260	-0.00002
63280	-0.00002
63300	-0.00002
63320	-0.00002
63340	-0.00002
63360	-0.00002
63380	-0.00002
63400	-0.00002
63420	-0.00002
63440	-0.00002
63460	-0.00002
63480	-0.00002
63500	-0.00002
63520	-0.00002
63540	-0.00002
63560	-0.00002
63580	-0.00002
63600	-0.00002
63620	-0.00002
63640	-0.00002
63660	-0.00002
63680	-0.00002
63700	-0.00003
63720	-0.00003
63740	-0.00002
63760	-0.00002
63780	-0.00002
63800	-0.00002
63820	-0.00002
63840	-0.00002
63860	-0.00002
63880	-0.00002
63900	-0.00002
63920	-0.00002
63940	-0.00002
63960	-0.00002
63980	-0.00002
64000	-0.00002
64020	-0.00002
64040	-0.00002
64060	-0.00002
64080	-0.00002
64100	-0.00002
64120	-0.00002
64140	-0.00002
64160	-0.00002
64180	-0.00003
64200	-0.00002
64220	-0.00003
64240	-0.00003
64260	-0.00002
64280	-0.00002
64300	-0.00002
64320	-0.00002
64340	-0.00002
64360	-0.00002
64380	-0.00002
64400	-0.00002
64420	-0.00002
64440	-0.00002
64460	-0.00002
64480	-0.00002
64500	-0.00003
64520	-0.00002
64540	-0.00002
64560	-0.00002
64580	-0.00002
64600	-0.00002
64620	-0.00002
64640	-0.00002
64660	-0.00002
64680	-0.00002
64700	-0.00002
64720	-0.00002
64740	-0.00001
64760	-0.00003
64780	-0.00002
64800	-0.00002
64820	-0.00002
64840	-0.00002
64860	-0.00002
64880	-0.00002
64900	-0.00002
64920	-0.00002
64940	-0.00002
64960	-0.00002
64980	-0.00003
65000	-0.00003
65020	-0.00003
65040	-0.00003
65060	-0.00002
65080	-0.00002
65100	-0.00002
65120	-0.00002
65140	-0.00002
65160	-0.00002
65180	-0.00002
65200	-0.00002
65220	-0.00003
65240	-0.00002
65260	-0.00002