# first column: time
# 2 column: 1th component of the strain (EXX)
# 3 column: 2th component of the strain (EYY)
# 4 column: 3th component of the strain (EZZ)
# 5 column: 4th component of the strain (EXY)
# 6 column: 5th component of the strain (EXZ)
# 7 column: 6th component of the strain (EYZ)
# 8 column: 1th component of the stress (SXX)
# 9 column: 2th component of the stress (SYY)
# 10 column: 3th component of the stress (SZZ)
# 11 column: 4th component of the stress (SXY)
# 12 column: 5th component of the stress (SXZ)
# 13 column: 6th component of the stress (SYZ)
# 14 column: first component of internal variable 'ElasticStrain' (ElasticStrainXX)
# 15 column: second component of internal variable 'ElasticStrain' (ElasticStrainYY)
# 16 column: third component of internal variable 'ElasticStrain' (ElasticStrainZZ)
# 17 column: fourth component of internal variable 'ElasticStrain' (ElasticStrainXY)
# 18 column: fifth component of internal variable 'ElasticStrain' (ElasticStrainXZ)
# 19 column: sixth component of internal variable 'ElasticStrain' (ElasticStrainYZ)
# 20 column: first component of internal variable 'a' (aXX)
# 21 column: second component of internal variable 'a' (aYY)
# 22 column: third component of internal variable 'a' (aZZ)
# 23 column: fourth component of internal variable 'a' (aXY)
# 24 column: fifth component of internal variable 'a' (aXZ)
# 25 column: sixth component of internal variable 'a' (aYZ)
# 26 column: stored energy
# 27 column: disspated energy
0 0 0 0 0 0 0 0 0 0 0 0 0 0 0 0 0 0 0 0 0 0 0 0 0 0 0
1 0.0001 -3e-05 -3e-05 0 0 0 2 2.95807e-18 -4.9167e-17 0 0 0 0.0001 -3e-05 -3e-05 0 0 0 0 0 0 0 0 0 0 0
2 0.0002 -6e-05 -6e-05 0 0 0 4 5.91613e-18 -9.83341e-17 0 0 0 0.0002 -6e-05 -6e-05 0 0 0 0 0 0 0 0 0 0 0
3 0.0003 -9e-05 -9e-05 0 0 0 6 5.05089e-16 5.05089e-16 0 0 0 0.0003 -9e-05 -9e-05 0 0 0 0 0 0 0 0 0 0 0
4 0.0004 -0.00012 -0.00012 0 0 0 8 1.18323e-17 1.18323e-17 0 0 0 0.0004 -0.00012 -0.00012 0 0 0 0 0 0 0 0 0 0 0
5 0.0005 -0.00015 -0.00015 0 0 0 10 1.28139e-15 1.28139e-15 0 0 0 0.0005 -0.00015 -0.00015 0 0 0 0 0 0 0 0 0 0 0
6 0.0006 -0.00018 -0.00018 0 0 0 12 1.03727e-15 1.45427e-15 0 0 0 0.0006 -0.00018 -0.00018 0 0 0 0 0 0 0 0 0 0 0
7 0.0007 -0.00021 -0.00021 0 0 0 14 3.21965e-16 7.38965e-16 0 0 0 0.0007 -0.00021 -0.00021 0 0 0 0 0 0 0 0 0 0 0
8 0.0008 -0.00024 -0.00024 0 0 0 16 -3.93336e-16 -3.93336e-16 0 0 0 0.0008 -0.00024 -0.00024 0 0 0 0 0 0 0 0 0 0 0
9 0.0009 -0.00027 -0.00027 0 0 0 18 -2.41382e-15 -3.24782e-15 0 0 0 0.0009 -0.00027 -0.00027 0 0 0 0 0 0 0 0 0 0 0
10 0.001 -0.0003 -0.0003 0 0 0 20 1.72878e-15 1.72878e-15 0 0 0 0.001 -0.0003 -0.0003 0 0 0 0 0 0 0 0 0 0 0
11 0.0011 -0.00033 -0.00033 0 0 0 22 5.96474e-16 1.43048e-15 0 0 0 0.0011 -0.00033 -0.00033 0 0 0 0 0 0 0 0 0 0 0
12 0.0012 -0.00036 -0.00036 0 0 0 24 2.98174e-16 1.13218e-15 0 0 0 0.0012 -0.00036 -0.00036 0 0 0 0 0 0 0 0 0 0 0
13 0.0013 -0.00039 -0.00039 0 0 0 26 5.40507e-17 5.40507e-17 0 0 0 0.0013 -0.00039 -0.00039 0 0 0 0 0 0 0 0 0 0 0
14 0.0014 -0.00042 -0.00042 0 0 0 28 -1.96643e-15 -2.80043e-15 0 0 0 0.0014 -0.00042 -0.00042 0 0 0 0 0 0 0 0 0 0 0
15 0.0015 -0.00045 -0.00045 0 0 0 30 -5.42549e-16 -1.37655e-15 0 0 0 0.0015 -0.00045 -0.00045 0 0 0 0 0 0 0 0 0 0 0
16 0.0016 -0.00048 -0.00048 0 0 0 32 4.73291e-17 4.73291e-17 0 0 0 0.0016 -0.00048 -0.00048 0 0 0 0 0 0 0 0 0 0 0
17 0.0017 -0.00051 -0.00051 0 0 0 34 5.02392e-15 5.02392e-15 0 0 0 0.0017 -0.00051 -0.00051 0 0 0 0 0 0 0 0 0 0 0
18 0.0018 -0.00054 -0.00054 0 0 0 36 7.39016e-15 5.72215e-15 0 0 0 0.0018 -0.00054 -0.00054 0 0 0 0 0 0 0 0 0 0 0
19 0.0019 -0.00057 -0.00057 0 0 0 38 -6.85041e-16 -2.35304e-15 0 0 0 0.0019 -0.00057 -0.00057 0 0 0 0 0 0 0 0 0 0 0
20 0.002 -0.0006 -0.0006 0 0 0 40 -8.76024e-15 -8.76024e-15 0 0 0 0.002 -0.0006 -0.0006 0 0 0 0 0 0 0 0 0 0 0
21 0.0021 -0.00063 -0.00063 0 0 0 42 -6.28565e-15 -4.61765e-15 0 0 0 0.0021 -0.00063 -0.00063 0 0 0 0 0 0 0 0 0 0 0
22 0.0022 -0.00066 -0.00066 0 0 0 44 1.19295e-15 2.86095e-15 0 0 0 0.0022 -0.00066 -0.00066 0 0 0 0 0 0 0 0 0 0 0
23 0.0023 -0.00069 -0.00069 0 0 0 46 8.67155e-15 8.67155e-15 0 0 0 0.0023 -0.00069 -0.00069 0 0 0 0 0 0 0 0 0 0 0
24 0.0024 -0.00072 -0.00072 0 0 0 48 7.59342e-15 5.92542e-15 0 0 0 0.0024 -0.00072 -0.00072 0 0 0 0 0 0 0 0 0 0 0
25 0.0025 -0.00075 -0.00075 0 0 0 50 -4.81777e-16 -2.14978e-15 0 0 0 0.0025 -0.00075 -0.00075 0 0 0 0 0 0 0 0 0 0 0
26 0.0026 -0.00078 -0.00078 0 0 0 52 -1.3886e-14 -1.3886e-14 0 0 0 0.0026 -0.00078 -0.00078 0 0 0 0 0 0 0 0 0 0 0
27 0.0027 -0.00081 -0.00081 0 0 0 54 -6.19074e-15 -4.52274e-15 0 0 0 0.0027 -0.00081 -0.00081 0 0 0 0 0 0 0 0 0 0 0
28 0.0028 -0.00084 -0.00084 0 0 0 56 4.73222e-15 6.40022e-15 0 0 0 0.0028 -0.00084 -0.00084 0 0 0 0 0 0 0 0 0 0 0
29 0.0029 -0.00087 -0.00087 0 0 0 58 1.04345e-14 1.04345e-14 0 0 0 0.0029 -0.00087 -0.00087 0 0 0 0 0 0 0 0 0 0 0
30 0.003 -0.0009 -0.0009 0 0 0 60 7.68833e-15 6.02033e-15 0 0 0 0.003 -0.0009 -0.0009 0 0 0 0 0 0 0 0 0 0 0
31 0.0031 -0.00093 -0.00093 0 0 0 62 -5.60758e-15 -7.27559e-15 0 0 0 0.0031 -0.00093 -0.00093 0 0 0 0 0 0 0 0 0 0 0
32 0.0032 -0.00096 -0.00096 0 0 0 64 -1.35744e-14 -1.35744e-14 0 0 0 0.0032 -0.00096 -0.00096 0 0 0 0 0 0 0 0 0 0 0
33 0.0033 -0.00099 -0.00099 0 0 0 66 -1.30929e-14 -1.30929e-14 0 0 0 0.0033 -0.00099 -0.00099 0 0 0 0 0 0 0 0 0 0 0
34 0.0034 -0.00102 -0.00102 0 0 0 68 1.00478e-14 1.00478e-14 0 0 0 0.0034 -0.00102 -0.00102 0 0 0 0 0 0 0 0 0 0 0
35 0.0035 -0.00105 -0.00105 0 0 0 70 2.11875e-14 2.11875e-14 0 0 0 0.0035 -0.00105 -0.00105 0 0 0 0 0 0 0 0 0 0 0
36 0.0036 -0.00108 -0.00108 0 0 0 72 4.33888e-15 4.33888e-15 0 0 0 0.0036 -0.00108 -0.00108 0 0 0 0 0 0 0 0 0 0 0
37 0.0037 -0.00111 -0.00111 0 0 0 74 -1.2293e-14 -1.2293e-14 0 0 0 0.0037 -0.00111 -0.00111 0 0 0 0 0 0 0 0 0 0 0
38 0.0038 -0.00114 -0.00114 0 0 0 76 -1.87002e-14 -1.87002e-14 0 0 0 0.0038 -0.00114 -0.00114 0 0 0 0 0 0 0 0 0 0 0
39 0.0039 -0.00117 -0.00117 0 0 0 78 -4.22456e-15 -4.22456e-15 0 0 0 0.0039 -0.00117 -0.00117 0 0 0 0 0 0 0 0 0 0 0
40 0.004 -0.0012 -0.0012 0 0 0 80 1.02511e-14 1.02511e-14 0 0 0 0.004 -0.0012 -0.0012 0 0 0 0 0 0 0 0 0 0 0
41 0.0041 -0.00123 -0.00123 0 0 0 82 2.13908e-14 2.13908e-14 0 0 0 0.0041 -0.00123 -0.00123 0 0 0 0 0 0 0 0 0 0 0
42 0.0042 -0.00126 -0.00126 0 0 0 84 7.87815e-15 7.87815e-15 0 0 0 0.0042 -0.00126 -0.00126 0 0 0 0 0 0 0 0 0 0 0
43 0.0043 -0.00129 -0.00129 0 0 0 86 -8.75377e-15 -8.75377e-15 0 0 0 0.0043 -0.00129 -0.00129 0 0 0 0 0 0 0 0 0 0 0
44 0.0044 -0.00132 -0.00132 0 0 0 88 -1.49443e-14 -1.49443e-14 0 0 0 0.0044 -0.00132 -0.00132 0 0 0 0 0 0 0 0 0 0 0
45 0.0045 -0.00135 -0.00135 0 0 0 90 -7.57401e-15 -7.57401e-15 0 0 0 0.0045 -0.00135 -0.00135 0 0 0 0 0 0 0 0 0 0 0
46 0.0046 -0.00138 -0.00138 0 0 0 92 6.90166e-15 6.90166e-15 0 0 0 0.0046 -0.00138 -0.00138 0 0 0 0 0 0 0 0 0 0 0
47 0.0047 -0.00141 -0.00141 0 0 0 94 1.44886e-14 1.44886e-14 0 0 0 0.0047 -0.00141 -0.00141 0 0 0 0 0 0 0 0 0 0 0
48 0.0048 -0.00144 -0.00144 0 0 0 96 8.08142e-15 8.08142e-15 0 0 0 0.0048 -0.00144 -0.00144 0 0 0 0 0 0 0 0 0 0 0
49 0.0049 -0.00147 -0.00147 0 0 0 98 -4.99779e-15 -4.99779e-15 0 0 0 0.0049 -0.00147 -0.00147 0 0 0 0 0 0 0 0 0 0 0
50 0.005 -0.0015 -0.0015 0 0 0 100 -1.82937e-14 -1.82937e-14 0 0 0 0.005 -0.0015 -0.0015 0 0 0 0 0 0 0 0 0 0 0
51 0.0051 -0.00153 -0.00153 0 0 0 102 -1.44762e-14 -1.44762e-14 0 0 0 0.0051 -0.00153 -0.00153 0 0 0 0 0 0 0 0 0 0 0
52 0.0052 -0.00156 -0.00156 0 0 0 104 6.88822e-15 6.88822e-15 0 0 0 0.0052 -0.00156 -0.00156 0 0 0 0 0 0 0 0 0 0 0
53 0.0053 -0.00159 -0.00159 0 0 0 106 2.49166e-14 2.49166e-14 0 0 0 0.0053 -0.00159 -0.00159 0 0 0 0 0 0 0 0 0 0 0
54 0.0054 -0.00162 -0.00162 0 0 0 108 2.20621e-14 2.20621e-14 0 0 0 0.0054 -0.00162 -0.00162 0 0 0 0 0 0 0 0 0 0 0
55 0.0055 -0.00165 -0.00165 0 0 0 110 -1.90054e-14 -1.90054e-14 0 0 0 0.0055 -0.00165 -0.00165 0 0 0 0 0 0 0 0 0 0 0
56 0.0056 -0.00168 -0.00168 0 0 0 112 -3.56373e-14 -3.56373e-14 0 0 0 0.0056 -0.00168 -0.00168 0 0 0 0 0 0 0 0 0 0 0
57 0.0057 -0.00171 -0.00171 0 0 0 114 -2.13783e-14 -2.13783e-14 0 0 0 0.0057 -0.00171 -0.00171 0 0 0 0 0 0 0 0 0 0 0
58 0.0058 -0.00174 -0.00174 0 0 0 116 1.75329e-14 1.75329e-14 0 0 0 0.0058 -0.00174 -0.00174 0 0 0 0 0 0 0 0 0 0 0
59 0.0059 -0.00177 -0.00177 0 0 0 118 3.20086e-14 3.20086e-14 0 0 0 0.0059 -0.00177 -0.00177 0 0 0 0 0 0 0 0 0 0 0
60 0.006 -0.0018 -0.0018 0 0 0 120 1.53767e-14 1.53767e-14 0 0 0 0.006 -0.0018 -0.0018 0 0 0 0 0 0 0 0 0 0 0
61 0.0061 -0.00183 -0.00183 0 0 0 122 -1.16967e-14 -1.16967e-14 0 0 0 0.0061 -0.00183 -0.00183 0 0 0 0 0 0 0 0 0 0 0
62 0.0062 -0.00186 -0.00186 0 0 0 124 -4.94282e-14 -4.94282e-14 0 0 0 0.0062 -0.00186 -0.00186 0 0 0 0 0 0 0 0 0 0 0
63 0.0063 -0.00189 -0.00189 0 0 0 126 -1.38529e-14 -1.38529e-14 0 0 0 0.0063 -0.00189 -0.00189 0 0 0 0 0 0 0 0 0 0 0
64 0.0064 -0.00192 -0.00192 0 0 0 128 2.81776e-14 2.81776e-14 0 0 0 0.0064 -0.00192 -0.00192 0 0 0 0 0 0 0 0 0 0 0
65 0.0065 -0.00195 -0.00195 0 0 0 130 2.51064e-14 2.51064e-14 0 0 0 0.0065 -0.00195 -0.00195 0 0 0 0 0 0 0 0 0 0 0
66 0.0066 -0.00198 -0.00198 0 0 0 132 2.58047e-14 1.91326e-14 0 0 0 0.0066 -0.00198 -0.00198 0 0 0 0 0 0 0 0 0 0 0
67 0.0067 -0.00201 -0.00201 0 0 0 134 -8.15742e-15 -8.15742e-15 0 0 0 0.0067 -0.00201 -0.00201 0 0 0 0 0 0 0 0 0 0 0
68 0.0068 -0.00204 -0.00204 0 0 0 136 -4.21195e-14 -3.54475e-14 0 0 0 0.0068 -0.00204 -0.00204 0 0 0 0 0 0 0 0 0 0 0
69 0.0069 -0.00207 -0.00207 0 0 0 138 -2.40911e-14 -1.74191e-14 0 0 0 0.0069 -0.00207 -0.00207 0 0 0 0 0 0 0 0 0 0 0
70 0.007 -0.0021 -0.0021 0 0 0 140 7.2813e-15 7.2813e-15 0 0 0 0.007 -0.0021 -0.0021 0 0 0 0 0 0 0 0 0 0 0
71 0.0071 -0.00213 -0.00213 0 0 0 142 3.19817e-14 2.53097e-14 0 0 0 0.0071 -0.00213 -0.00213 0 0 0 0 0 0 0 0 0 0 0
72 0.0072 -0.00216 -0.00216 0 0 0 144 3.62326e-14 2.95606e-14 0 0 0 0.0072 -0.00216 -0.00216 0 0 0 0 0 0 0 0 0 0 0
73 0.0073 -0.00219 -0.00219 0 0 0 146 5.82328e-15 5.82328e-15 0 0 0 0.0073 -0.00219 -0.00219 0 0 0 0 0 0 0 0 0 0 0
74 0.0074 -0.00222 -0.00222 0 0 0 148 -3.16915e-14 -2.50195e-14 0 0 0 0.0074 -0.00222 -0.00222 0 0 0 0 0 0 0 0 0 0 0
75 0.0075 -0.00225 -0.00225 0 0 0 150 -2.74406e-14 -2.07685e-14 0 0 0 0.0075 -0.00225 -0.00225 0 0 0 0 0 0 0 0 0 0 0
76 0.0076 -0.00228 -0.00228 0 0 0 152 -2.74016e-15 -2.74016e-15 0 0 0 0.0076 -0.00228 -0.00228 0 0 0 0 0 0 0 0 0 0 0
77 0.0077 -0.00231 -0.00231 0 0 0 154 3.57377e-14 2.90657e-14 0 0 0 0.0077 -0.00231 -0.00231 0 0 0 0 0 0 0 0 0 0 0
78 0.0078 -0.00234 -0.00234 0 0 0 156 3.99886e-14 3.33166e-14 0 0 0 0.0078 -0.00234 -0.00234 0 0 0 0 0 0 0 0 0 0 0
79 0.0079 -0.00237 -0.00237 0 0 0 158 -4.19818e-15 -4.19818e-15 0 0 0 0.0079 -0.00237 -0.00237 0 0 0 0 0 0 0 0 0 0 0
80 0.008 -0.0024 -0.0024 0 0 0 160 -4.1713e-14 -3.5041e-14 0 0 0 0.008 -0.0024 -0.0024 0 0 0 0 0 0 0 0 0 0 0
81 0.0081 -0.00243 -0.00243 0 0 0 162 -3.7462e-14 -3.079e-14 0 0 0 0.0081 -0.00243 -0.00243 0 0 0 0 0 0 0 0 0 0 0
82 0.0082 -0.00246 -0.00246 0 0 0 164 2.18987e-14 2.18987e-14 0 0 0 0.0082 -0.00246 -0.00246 0 0 0 0 0 0 0 0 0 0 0
83 0.0083 -0.00249 -0.00249 0 0 0 166 6.03765e-14 5.37045e-14 0 0 0 0.0083 -0.00249 -0.00249 0 0 0 0 0 0 0 0 0 0 0
84 0.0084 -0.00252 -0.00252 0 0 0 168 2.99672e-14 2.32951e-14 0 0 0 0.0084 -0.00252 -0.00252 0 0 0 0 0 0 0 0 0 0 0
85 0.0085 -0.00255 -0.00255 0 0 0 170 -1.42196e-14 -1.42196e-14 0 0 0 0.0085 -0.00255 -0.00255 0 0 0 0 0 0 0 0 0 0 0
86 0.0086 -0.00258 -0.00258 0 0 0 172 -5.88399e-14 -5.21678e-14 0 0 0 0.0086 -0.00258 -0.00258 0 0 0 0 0 0 0 0 0 0 0
87 0.0087 -0.00261 -0.00261 0 0 0 174 -3.3706e-14 -2.7034e-14 0 0 0 0.0087 -0.00261 -0.00261 0 0 0 0 0 0 0 0 0 0 0
88 0.0088 -0.00264 -0.00264 0 0 0 176 3.23267e-14 3.23267e-14 0 0 0 0.0088 -0.00264 -0.00264 0 0 0 0 0 0 0 0 0 0 0
89 0.0089 -0.00267 -0.00267 0 0 0 178 7.08045e-14 6.41325e-14 0 0 0 0.0089 -0.00267 -0.00267 0 0 0 0 0 0 0 0 0 0 0
90 0.009 -0.0027 -0.0027 0 0 0 180 2.66177e-14 1.99457e-14 0 0 0 0.009 -0.0027 -0.0027 0 0 0 0 0 0 0 0 0 0 0
91 0.0091 -0.00273 -0.00273 0 0 0 182 -4.55574e-14 -4.55574e-14 0 0 0 0.0091 -0.00273 -0.00273 0 0 0 0 0 0 0 0 0 0 0
92 0.0092 -0.00276 -0.00276 0 0 0 184 -6.92947e-14 -6.26227e-14 0 0 0 0.0092 -0.00276 -0.00276 0 0 0 0 0 0 0 0 0 0 0
93 0.0093 -0.00279 -0.00279 0 0 0 186 -2.32781e-14 -1.6606e-14 0 0 0 0.0093 -0.00279 -0.00279 0 0 0 0 0 0 0 0 0 0 0
94 0.0094 -0.00282 -0.00282 0 0 0 188 4.98601e-14 4.98601e-14 0 0 0 0.0094 -0.00282 -0.00282 0 0 0 0 0 0 0 0 0 0 0
95 0.0095 -0.00285 -0.00285 0 0 0 190 6.03496e-14 5.36776e-14 0 0 0 0.0095 -0.00285 -0.00285 0 0 0 0 0 0 0 0 0 0 0
96 0.0096 -0.00288 -0.00288 0 0 0 192 3.03737e-14 2.37017e-14 0 0 0 0.0096 -0.00288 -0.00288 0 0 0 0 0 0 0 0 0 0 0
97 0.0097 -0.00291 -0.00291 0 0 0 194 -4.18014e-14 -4.18014e-14 0 0 0 0.0097 -0.00291 -0.00291 0 0 0 0 0 0 0 0 0 0 0
98 0.0098 -0.00294 -0.00294 0 0 0 196 -7.26442e-14 -6.59722e-14 0 0 0 0.0098 -0.00294 -0.00294 0 0 0 0 0 0 0 0 0 0 0
99 0.0099 -0.00297 -0.00297 0 0 0 198 -1.95221e-14 -1.28501e-14 0 0 0 0.0099 -0.00297 -0.00297 0 0 0 0 0 0 0 0 0 0 0
100 0.01 -0.003 -0.003 0 0 0 200 3.22998e-14 3.22998e-14 0 0 0 0.01 -0.003 -0.003 0 0 0 0 0 0 0 0 0 0 0
101 0.0101 -0.00303 -0.00303 0 0 0 202 7.78831e-14 7.1211e-14 0 0 0 0.0101 -0.00303 -0.00303 0 0 0 0 0 0 0 0 0 0 0
102 0.0102 -0.00306 -0.00306 0 0 0 204 4.79071e-14 4.12351e-14 0 0 0 0.0102 -0.00306 -0.00306 0 0 0 0 0 0 0 0 0 0 0
103 0.0103 -0.00309 -0.00309 0 0 0 206 -3.80454e-14 -3.80454e-14 0 0 0 0.0103 -0.00309 -0.00309 0 0 0 0 0 0 0 0 0 0 0
104 0.0104 -0.00312 -0.00312 0 0 0 208 -1.10654e-13 -1.03982e-13 0 0 0 0.0104 -0.00312 -0.00312 0 0 0 0 0 0 0 0 0 0 0
105 0.0105 -0.00315 -0.00315 0 0 0 210 -5.08598e-14 -4.41878e-14 0 0 0 0.0105 -0.00315 -0.00315 0 0 0 0 0 0 0 0 0 0 0
106 0.0106 -0.00318 -0.00318 0 0 0 212 7.78215e-14 7.78215e-14 0 0 0 0.0106 -0.00318 -0.00318 0 0 0 0 0 0 0 0 0 0 0
107 0.0107 -0.00321 -0.00321 0 0 0 214 1.16299e-13 1.09627e-13 0 0 0 0.0107 -0.00321 -0.00321 0 0 0 0 0 0 0 0 0 0 0
108 0.0108 -0.00324 -0.00324 0 0 0 216 3.74522e-14 3.07802e-14 0 0 0 0.0108 -0.00324 -0.00324 0 0 0 0 0 0 0 0 0 0 0
109 0.0109 -0.00327 -0.00327 0 0 0 218 -7.64886e-14 -7.64886e-14 0 0 0 0.0109 -0.00327 -0.00327 0 0 0 0 0 0 0 0 0 0 0
110 0.011 -0.0033 -0.0033 0 0 0 220 -9.31205e-14 -8.64485e-14 0 0 0 0.011 -0.0033 -0.0033 0 0 0 0 0 0 0 0 0 0 0
111 0.0111 -0.00333 -0.00333 0 0 0 222 -1.9549e-14 -1.2877e-14 0 0 0 0.0111 -0.00333 -0.00333 0 0 0 0 0 0 0 0 0 0 0
112 0.0112 -0.00336 -0.00336 0 0 0 224 9.53549e-14 9.53549e-14 0 0 0 0.0112 -0.00336 -0.00336 0 0 0 0 0 0 0 0 0 0 0
113 0.0113 -0.00339 -0.00339 0 0 0 226 9.2067e-14 8.5395e-14 0 0 0 0.0113 -0.00339 -0.00339 0 0 0 0 0 0 0 0 0 0 0
114 0.0114 -0.00342 -0.00342 0 0 0 228 6.5479e-15 -1.24117e-16 0 0 0 0.0114 -0.00342 -0.00342 0 0 0 0 0 0 0 0 0 0 0
115 0.0115 -0.00345 -0.00345 0 0 0 230 -7.94046e-14 -7.94046e-14 0 0 0 0.0115 -0.00345 -0.00345 0 0 0 0 0 0 0 0 0 0 0
116 0.0116 -0.00348 -0.00348 0 0 0 232 -8.89311e-14 -8.22591e-14 0 0 0 0.0116 -0.00348 -0.00348 0 0 0 0 0 0 0 0 0 0 0
117 0.0117 -0.00351 -0.00351 0 0 0 234 -9.12098e-15 -2.44896e-15 0 0 0 0.0117 -0.00351 -0.00351 0 0 0 0 0 0 0 0 0 0 0
118 0.0118 -0.00354 -0.00354 0 0 0 236 1.12888e-13 1.12888e-13 0 0 0 0.0118 -0.00354 -0.00354 0 0 0 0 0 0 0 0 0 0 0
119 0.0119 -0.00357 -0.00357 0 0 0 238 9.62564e-14 8.95844e-14 0 0 0 0.0119 -0.00357 -0.00357 0 0 0 0 0 0 0 0 0 0 0
120 0.012 -0.0036 -0.0036 0 0 0 240 -2.47898e-14 -3.14619e-14 0 0 0 0.012 -0.0036 -0.0036 0 0 0 0 0 0 0 0 0 0 0
121 0.0121 -0.00363 -0.00363 0 0 0 242 -1.17848e-13 -1.17848e-13 0 0 0 0.0121 -0.00363 -0.00363 0 0 0 0 0 0 0 0 0 0 0
122 0.0122 -0.00366 -0.00366 0 0 0 244 -7.13977e-14 -6.47257e-14 0 0 0 0.0122 -0.00366 -0.00366 0 0 0 0 0 0 0 0 0 0 0
123 0.0123 -0.00369 -0.00369 0 0 0 246 3.64007e-14 4.30728e-14 0 0 0 0.0123 -0.00369 -0.00369 0 0 0 0 0 0 0 0 0 0 0
124 0.0124 -0.00372 -0.00372 0 0 0 248 8.82226e-14 8.82226e-14 0 0 0 0.0124 -0.00372 -0.00372 0 0 0 0 0 0 0 0 0 0 0
125 0.0125 -0.00375 -0.00375 0 0 0 250 7.86961e-14 7.20241e-14 0 0 0 0.0125 -0.00375 -0.00375 0 0 0 0 0 0 0 0 0 0 0
126 0.0126 -0.00378 -0.00378 0 0 0 252 -1.43619e-14 -2.10339e-14 0 0 0 0.0126 -0.00378 -0.00378 0 0 0 0 0 0 0 0 0 0 0
127 0.0127 -0.00381 -0.00381 0 0 0 254 -7.23261e-14 -7.23261e-14 0 0 0 0.0127 -0.00381 -0.00381 0 0 0 0 0 0 0 0 0 0 0
128 0.0128 -0.00384 -0.00384 0 0 0 256 -6.76417e-14 -6.09697e-14 0 0 0 0.0128 -0.00384 -0.00384 0 0 0 0 0 0 0 0 0 0 0
129 0.0129 -0.00387 -0.00387 0 0 0 258 -1.58199e-14 -9.14786e-15 0 0 0 0.0129 -0.00387 -0.00387 0 0 0 0 0 0 0 0 0 0 0
130 0.013 -0.0039 -0.0039 0 0 0 260 8.53066e-14 8.53066e-14 0 0 0 0.013 -0.0039 -0.0039 0 0 0 0 0 0 0 0 0 0 0
131 0.0131 -0.00393 -0.00393 0 0 0 262 8.95575e-14 8.95575e-14 0 0 0 0.0131 -0.00393 -0.00393 0 0 0 0 0 0 0 0 0 0 0
132 0.0132 -0.00396 -0.00396 0 0 0 264 2.40544e-14 1.07104e-14 0 0 0 0.0132 -0.00396 -0.00396 0 0 0 0 0 0 0 0 0 0 0
133 0.0133 -0.00399 -0.00399 0 0 0 266 -6.90035e-14 -8.23476e-14 0 0 0 0.0133 -0.00399 -0.00399 0 0 0 0 0 0 0 0 0 0 0
134 0.0134 -0.00402 -0.00402 0 0 0 268 -1.06085e-13 -1.06085e-13 0 0 0 0.0134 -0.00402 -0.00402 0 0 0 0 0 0 0 0 0 0 0
135 0.0135 -0.00405 -0.00405 0 0 0 270 -1.16305e-14 1.71354e-15 0 0 0 0.0135 -0.00405 -0.00405 0 0 0 0 0 0 0 0 0 0 0
136 0.0136 -0.00408 -0.00408 0 0 0 272 7.48517e-14 8.81957e-14 0 0 0 0.0136 -0.00408 -0.00408 0 0 0 0 0 0 0 0 0 0 0
137 0.0137 -0.00411 -0.00411 0 0 0 274 9.99855e-14 9.99855e-14 0 0 0 0.0137 -0.00411 -0.00411 0 0 0 0 0 0 0 0 0 0 0
138 0.0138 -0.00414 -0.00414 0 0 0 276 4.15878e-14 2.82438e-14 0 0 0 0.0138 -0.00414 -0.00414 0 0 0 0 0 0 0 0 0 0 0
139 0.0139 -0.00417 -0.00417 0 0 0 278 -9.32359e-14 -1.0658e-13 0 0 0 0.0139 -0.00417 -0.00417 0 0 0 0 0 0 0 0 0 0 0
140 0.014 -0.0042 -0.0042 0 0 0 280 -1.37423e-13 -1.37423e-13 0 0 0 0.014 -0.0042 -0.0042 0 0 0 0 0 0 0 0 0 0 0
141 0.0141 -0.00423 -0.00423 0 0 0 282 -1.20249e-15 1.21415e-14 0 0 0 0.0141 -0.00423 -0.00423 0 0 0 0 0 0 0 0 0 0 0
142 0.0142 -0.00426 -0.00426 0 0 0 284 9.23851e-14 1.05729e-13 0 0 0 0.0142 -0.00426 -0.00426 0 0 0 0 0 0 0 0 0 0 0
143 0.0143 -0.00429 -0.00429 0 0 0 286 1.17519e-13 1.17519e-13 0 0 0 0.0143 -0.00429 -0.00429 0 0 0 0 0 0 0 0 0 0 0
144 0.0144 -0.00432 -0.00432 0 0 0 288 3.14467e-15 -1.01994e-14 0 0 0 0.0144 -0.00432 -0.00432 0 0 0 0 0 0 0 0 0 0 0
145 0.0145 -0.00435 -0.00435 0 0 0 290 -8.1941e-14 -9.52851e-14 0 0 0 0.0145 -0.00435 -0.00435 0 0 0 0 0 0 0 0 0 0 0
146 0.0146 -0.00438 -0.00438 0 0 0 292 -1.26995e-13 -1.26995e-13 0 0 0 0.0146 -0.00438 -0.00438 0 0 0 0 0 0 0 0 0 0 0
147 0.0147 -0.00441 -0.00441 0 0 0 294 9.2255e-15 2.25695e-14 0 0 0 0.0147 -0.00441 -0.00441 0 0 0 0 0 0 0 0 0 0 0
148 0.0148 -0.00444 -0.00444 0 0 0 296 8.94691e-14 1.02813e-13 0 0 0 0.0148 -0.00444 -0.00444 0 0 0 0 0 0 0 0 0 0 0
149 0.0149 -0.00447 -0.00447 0 0 0 298 8.61812e-14 8.61812e-14 0 0 0 0.0149 -0.00447 -0.00447 0 0 0 0 0 0 0 0 0 0 0
150 0.015 -0.0045 -0.0045 0 0 0 300 -2.81931e-14 -4.15371e-14 0 0 0 0.015 -0.0045 -0.0045 0 0 0 0 0 0 0 0 0 0 0
151 0.0151 -0.00453 -0.00453 0 0 0 302 -7.1513e-14 -8.48571e-14 0 0 0 0.0151 -0.00453 -0.00453 0 0 0 0 0 0 0 0 0 0 0
152 0.0152 -0.00456 -0.00456 0 0 0 304 -1.16567e-13 -1.16567e-13 0 0 0 0.0152 -0.00456 -0.00456 0 0 0 0 0 0 0 0 0 0 0
153 0.0153 -0.00459 -0.00459 0 0 0 306 -2.21122e-14 -8.76822e-15 0 0 0 0.0153 -0.00459 -0.00459 0 0 0 0 0 0 0 0 0 0 0
154 0.0154 -0.00462 -0.00462 0 0 0 308 5.81313e-14 7.14754e-14 0 0 0 0.0154 -0.00462 -0.00462 0 0 0 0 0 0 0 0 0 0 0
155 0.0155 -0.00465 -0.00465 0 0 0 310 9.66092e-14 9.66092e-14 0 0 0 0.0155 -0.00465 -0.00465 0 0 0 0 0 0 0 0 0 0 0
156 0.0156 -0.00468 -0.00468 0 0 0 312 3.82115e-14 2.48675e-14 0 0 0 0.0156 -0.00468 -0.00468 0 0 0 0 0 0 0 0 0 0 0
157 0.0157 -0.00471 -0.00471 0 0 0 314 -1.03718e-13 -1.17062e-13 0 0 0 0.0157 -0.00471 -0.00471 0 0 0 0 0 0 0 0 0 0 0
158 0.0158 -0.00474 -0.00474 0 0 0 316 -9.19278e-14 -9.19278e-14 0 0 0 0.0158 -0.00474 -0.00474 0 0 0 0 0 0 0 0 0 0 0
159 0.0159 -0.00477 -0.00477 0 0 0 318 -2.58951e-14 -1.25511e-14 0 0 0 0.0159 -0.00477 -0.00477 0 0 0 0 0 0 0 0 0 0 0
160 0.016 -0.0048 -0.0048 0 0 0 320 8.19033e-14 9.52474e-14 0 0 0 0.016 -0.0048 -0.0048 0 0 0 0 0 0 0 0 0 0 0
161 0.0161 -0.00483 -0.00483 0 0 0 322 1.07037e-13 1.07037e-13 0 0 0 0.0161 -0.00483 -0.00483 0 0 0 0 0 0 0 0 0 0 0
162 0.0162 -0.00486 -0.00486 0 0 0 324 4.86395e-14 3.52955e-14 0 0 0 0.0162 -0.00486 -0.00486 0 0 0 0 0 0 0 0 0 0 0
163 0.0163 -0.00489 -0.00489 0 0 0 326 -9.32896e-14 -1.06634e-13 0 0 0 0.0163 -0.00489 -0.00489 0 0 0 0 0 0 0 0 0 0 0
164 0.0164 -0.00492 -0.00492 0 0 0 328 -1.23266e-13 -1.23266e-13 0 0 0 0.0164 -0.00492 -0.00492 0 0 0 0 0 0 0 0 0 0 0
165 0.0165 -0.00495 -0.00495 0 0 0 330 -2.88111e-14 -1.54671e-14 0 0 0 0.0165 -0.00495 -0.00495 0 0 0 0 0 0 0 0 0 0 0
166 0.0166 -0.00498 -0.00498 0 0 0 332 5.05656e-14 6.39096e-14 0 0 0 0.0166 -0.00498 -0.00498 0 0 0 0 0 0 0 0 0 0 0
167 0.0167 -0.00501 -0.00501 0 0 0 334 1.17465e-13 1.17465e-13 0 0 0 0.0167 -0.00501 -0.00501 0 0 0 0 0 0 0 0 0 0 0
168 0.0168 -0.00504 -0.00504 0 0 0 336 1.00833e-13 8.74892e-14 0 0 0 0.0168 -0.00504 -0.00504 0 0 0 0 0 0 0 0 0 0 0
169 0.0169 -0.00507 -0.00507 0 0 0 338 -2.6885e-14 -4.02291e-14 0 0 0 0.0169 -0.00507 -0.00507 0 0 0 0 0 0 0 0 0 0 0
170 0.017 -0.0051 -0.0051 0 0 0 340 -1.12838e-13 -1.12838e-13 0 0 0 0.017 -0.0051 -0.0051 0 0 0 0 0 0 0 0 0 0 0
171 0.0171 -0.00513 -0.00513 0 0 0 342 -1.16125e-13 -1.02781e-13 0 0 0 0.0171 -0.00513 -0.00513 0 0 0 0 0 0 0 0 0 0 0
172 0.0172 -0.00516 -0.00516 0 0 0 344 4.76496e-14 6.09936e-14 0 0 0 0.0172 -0.00516 -0.00516 0 0 0 0 0 0 0 0 0 0 0
173 0.0173 -0.00519 -0.00519 0 0 0 346 1.27893e-13 1.27893e-13 0 0 0 0.0173 -0.00519 -0.00519 0 0 0 0 0 0 0 0 0 0 0
174 0.0174 -0.00522 -0.00522 0 0 0 348 1.11261e-13 9.79172e-14 0 0 0 0.0174 -0.00522 -0.00522 0 0 0 0 0 0 0 0 0 0 0
175 0.0175 -0.00525 -0.00525 0 0 0 350 -5.82228e-14 -7.15668e-14 0 0 0 0.0175 -0.00525 -0.00525 0 0 0 0 0 0 0 0 0 0 0
176 0.0176 -0.00528 -0.00528 0 0 0 352 -1.7173e-13 -1.7173e-13 0 0 0 0.0176 -0.00528 -0.00528 0 0 0 0 0 0 0 0 0 0 0
177 0.0177 -0.00531 -0.00531 0 0 0 354 -1.19042e-13 -1.05697e-13 0 0 0 0.0177 -0.00531 -0.00531 0 0 0 0 0 0 0 0 0 0 0
178 0.0178 -0.00534 -0.00534 0 0 0 356 5.80776e-14 7.14216e-14 0 0 0 0.0178 -0.00534 -0.00534 0 0 0 0 0 0 0 0 0 0 0
179 0.0179 -0.00537 -0.00537 0 0 0 358 1.52532e-13 1.52532e-13 0 0 0 0.0179 -0.00537 -0.00537 0 0 0 0 0 0 0 0 0 0 0
180 0.018 -0.0054 -0.0054 0 0 0 360 1.359e-13 1.22556e-13 0 0 0 0.018 -0.0054 -0.0054 0 0 0 0 0 0 0 0 0 0 0
181 0.0181 -0.00543 -0.00543 0 0 0 362 -4.77948e-14 -6.11388e-14 0 0 0 0.0181 -0.00543 -0.00543 0 0 0 0 0 0 0 0 0 0 0
182 0.0182 -0.00546 -0.00546 0 0 0 364 -1.61302e-13 -1.61302e-13 0 0 0 0.0182 -0.00546 -0.00546 0 0 0 0 0 0 0 0 0 0 0
183 0.0183 -0.00549 -0.00549 0 0 0 366 -1.08614e-13 -9.52695e-14 0 0 0 0.0183 -0.00549 -0.00549 0 0 0 0 0 0 0 0 0 0 0
184 0.0184 -0.00552 -0.00552 0 0 0 368 6.85055e-14 8.18496e-14 0 0 0 0.0184 -0.00552 -0.00552 0 0 0 0 0 0 0 0 0 0 0
185 0.0185 -0.00555 -0.00555 0 0 0 370 1.6296e-13 1.6296e-13 0 0 0 0.0185 -0.00555 -0.00555 0 0 0 0 0 0 0 0 0 0 0
186 0.0186 -0.00558 -0.00558 0 0 0 372 1.04562e-13 9.12183e-14 0 0 0 0.0186 -0.00558 -0.00558 0 0 0 0 0 0 0 0 0 0 0
187 0.0187 -0.00561 -0.00561 0 0 0 374 -6.49217e-14 -7.82657e-14 0 0 0 0.0187 -0.00561 -0.00561 0 0 0 0 0 0 0 0 0 0 0
188 0.0188 -0.00564 -0.00564 0 0 0 376 -1.36663e-13 -1.36663e-13 0 0 0 0.0188 -0.00564 -0.00564 0 0 0 0 0 0 0 0 0 0 0
189 0.0189 -0.00567 -0.00567 0 0 0 378 -9.81855e-14 -8.48415e-14 0 0 0 0.0189 -0.00567 -0.00567 0 0 0 0 0 0 0 0 0 0 0
190 0.019 -0.0057 -0.0057 0 0 0 380 5.13787e-14 6.47227e-14 0 0 0 0.019 -0.0057 -0.0057 0 0 0 0 0 0 0 0 0 0 0
191 0.0191 -0.00573 -0.00573 0 0 0 382 1.45833e-13 1.45833e-13 0 0 0 0.0191 -0.00573 -0.00573 0 0 0 0 0 0 0 0 0 0 0
192 0.0192 -0.00576 -0.00576 0 0 0 384 1.1499e-13 1.01646e-13 0 0 0 0.0192 -0.00576 -0.00576 0 0 0 0 0 0 0 0 0 0 0
193 0.0193 -0.00579 -0.00579 0 0 0 386 -4.02828e-14 -5.36269e-14 0 0 0 0.0193 -0.00579 -0.00579 0 0 0 0 0 0 0 0 0 0 0
194 0.0194 -0.00582 -0.00582 0 0 0 388 -1.5379e-13 -1.5379e-13 0 0 0 0.0194 -0.00582 -0.00582 0 0 0 0 0 0 0 0 0 0 0
195 0.0195 -0.00585 -0.00585 0 0 0 390 -1.01102e-13 -8.77575e-14 0 0 0 0.0195 -0.00585 -0.00585 0 0 0 0 0 0 0 0 0 0 0
196 0.0196 -0.00588 -0.00588 0 0 0 392 2.09077e-14 3.42518e-14 0 0 0 0.0196 -0.00588 -0.00588 0 0 0 0 0 0 0 0 0 0 0
197 0.0197 -0.00591 -0.00591 0 0 0 394 1.56261e-13 1.56261e-13 0 0 0 0.0197 -0.00591 -0.00591 0 0 0 0 0 0 0 0 0 0 0
198 0.0198 -0.00594 -0.00594 0 0 0 396 1.39629e-13 1.26285e-13 0 0 0 0.0198 -0.00594 -0.00594 0 0 0 0 0 0 0 0 0 0 0
199 0.0199 -0.00597 -0.00597 0 0 0 398 -2.98549e-14 -4.31989e-14 0 0 0 0.0199 -0.00597 -0.00597 0 0 0 0 0 0 0 0 0 0 0
200 0.02 -0.006 -0.006 0 0 0 400 -1.29151e-13 -1.29151e-13 0 0 0 0.02 -0.006 -0.006 0 0 0 0 0 0 0 0 0 0 0
201 0.0201 -0.00603 -0.00603 0 0 0 402 -1.4665e-13 -1.33306e-13 0 0 0 0.0201 -0.00603 -0.00603 0 0 0 0 0 0 0 0 0 0 0
202 0.0202 -0.00606 -0.00606 0 0 0 404 3.78085e-15 1.71249e-14 0 0 0 0.0202 -0.00606 -0.00606 0 0 0 0 0 0 0 0 0 0 0
203 0.0203 -0.00609 -0.00609 0 0 0 406 1.67556e-13 1.67556e-13 0 0 0 0.0203 -0.00609 -0.00609 0 0 0 0 0 0 0 0 0 0 0
204 0.0204 -0.00612 -0.00612 0 0 0 408 9.40806e-14 8.07365e-14 0 0 0 0.0204 -0.00612 -0.00612 0 0 0 0 0 0 0 0 0 0 0
205 0.0205 -0.00615 -0.00615 0 0 0 410 -5.21601e-15 -1.856e-14 0 0 0 0.0205 -0.00615 -0.00615 0 0 0 0 0 0 0 0 0 0 0
206 0.0206 -0.00618 -0.00618 0 0 0 412 -1.18723e-13 -1.18723e-13 0 0 0 0.0206 -0.00618 -0.00618 0 0 0 0 0 0 0 0 0 0 0
207 0.0207 -0.00621 -0.00621 0 0 0 414 -1.36222e-13 -1.22878e-13 0 0 0 0.0207 -0.00621 -0.00621 0 0 0 0 0 0 0 0 0 0 0
208 0.0208 -0.00624 -0.00624 0 0 0 416 1.42088e-14 2.75529e-14 0 0 0 0.0208 -0.00624 -0.00624 0 0 0 0 0 0 0 0 0 0 0
209 0.0209 -0.00627 -0.00627 0 0 0 418 1.77984e-13 1.77984e-13 0 0 0 0.0209 -0.00627 -0.00627 0 0 0 0 0 0 0 0 0 0 0
210 0.021 -0.0063 -0.0063 0 0 0 420 1.04509e-13 9.11645e-14 0 0 0 0.021 -0.0063 -0.0063 0 0 0 0 0 0 0 0 0 0 0
211 0.0211 -0.00633 -0.00633 0 0 0 422 5.21198e-15 -8.13205e-15 0 0 0 0.0211 -0.00633 -0.00633 0 0 0 0 0 0 0 0 0 0 0
212 0.0212 -0.00636 -0.00636 0 0 0 424 -1.08295e-13 -1.08295e-13 0 0 0 0.0212 -0.00636 -0.00636 0 0 0 0 0 0 0 0 0 0 0
213 0.0213 -0.00639 -0.00639 0 0 0 426 -1.53349e-13 -1.40005e-13 0 0 0 0.0213 -0.00639 -0.00639 0 0 0 0 0 0 0 0 0 0 0
214 0.0214 -0.00642 -0.00642 0 0 0 428 1.12928e-14 2.46368e-14 0 0 0 0.0214 -0.00642 -0.00642 0 0 0 0 0 0 0 0 0 0 0
215 0.0215 -0.00645 -0.00645 0 0 0 430 1.32435e-13 1.32435e-13 0 0 0 0.0215 -0.00645 -0.00645 0 0 0 0 0 0 0 0 0 0 0
216 0.0216 -0.00648 -0.00648 0 0 0 432 1.14937e-13 1.01593e-13 0 0 0 0.0216 -0.00648 -0.00648 0 0 0 0 0 0 0 0 0 0 0
217 0.0217 -0.00651 -0.00651 0 0 0 434 1.564e-14 2.29594e-15 0 0 0 0.0217 -0.00651 -0.00651 0 0 0 0 0 0 0 0 0 0 0
218 0.0218 -0.00654 -0.00654 0 0 0 436 -1.39633e-13 -1.39633e-13 0 0 0 0.0218 -0.00654 -0.00654 0 0 0 0 0 0 0 0 0 0 0
219 0.0219 -0.00657 -0.00657 0 0 0 438 -1.70476e-13 -1.57132e-13 0 0 0 0.0219 -0.00657 -0.00657 0 0 0 0 0 0 0 0 0 0 0
220 0.022 -0.0066 -0.0066 0 0 0 440 -2.00449e-14 -6.70092e-15 0 0 0 0.022 -0.0066 -0.0066 0 0 0 0 0 0 0 0 0 0 0
221 0.0221 -0.00663 -0.00663 0 0 0 442 1.42863e-13 1.42863e-13 0 0 0 0.0221 -0.00663 -0.00663 0 0 0 0 0 0 0 0 0 0 0
222 0.0222 -0.00666 -0.00666 0 0 0 444 1.81341e-13 1.67997e-13 0 0 0 0.0222 -0.00666 -0.00666 0 0 0 0 0 0 0 0 0 0 0
223 0.0223 -0.00669 -0.00669 0 0 0 446 2.6068e-14 1.27239e-14 0 0 0 0.0223 -0.00669 -0.00669 0 0 0 0 0 0 0 0 0 0 0
224 0.0224 -0.00672 -0.00672 0 0 0 448 -1.85182e-13 -1.85182e-13 0 0 0 0.0224 -0.00672 -0.00672 0 0 0 0 0 0 0 0 0 0 0
225 0.0225 -0.00675 -0.00675 0 0 0 450 -1.60048e-13 -1.46704e-13 0 0 0 0.0225 -0.00675 -0.00675 0 0 0 0 0 0 0 0 0 0 0
226 0.0226 -0.00678 -0.00678 0 0 0 452 4.63596e-14 5.97037e-14 0 0 0 0.0226 -0.00678 -0.00678 0 0 0 0 0 0 0 0 0 0 0
227 0.0227 -0.00681 -0.00681 0 0 0 454 1.3908e-13 1.3908e-13 0 0 0 0.0227 -0.00681 -0.00681 0 0 0 0 0 0 0 0 0 0 0
228 0.0228 -0.00684 -0.00684 0 0 0 456 1.50003e-13 1.36659e-13 0 0 0 0.0228 -0.00684 -0.00684 0 0 0 0 0 0 0 0 0 0 0
229 0.0229 -0.00687 -0.00687 0 0 0 458 8.94107e-15 -4.40296e-15 0 0 0 0.0229 -0.00687 -0.00687 0 0 0 0 0 0 0 0 0 0 0
230 0.023 -0.0069 -0.0069 0 0 0 460 -1.88098e-13 -1.88098e-13 0 0 0 0.023 -0.0069 -0.0069 0 0 0 0 0 0 0 0 0 0 0
231 0.0231 -0.00693 -0.00693 0 0 0 462 -2.03863e-13 -1.90519e-13 0 0 0 0.0231 -0.00693 -0.00693 0 0 0 0 0 0 0 0 0 0 0
232 0.0232 -0.00696 -0.00696 0 0 0 464 8.11038e-16 1.41551e-14 0 0 0 0.0232 -0.00696 -0.00696 0 0 0 0 0 0 0 0 0 0 0
233 0.0233 -0.00699 -0.00699 0 0 0 466 2.33907e-13 2.33907e-13 0 0 0 0.0233 -0.00699 -0.00699 0 0 0 0 0 0 0 0 0 0 0
234 0.0234 -0.00702 -0.00702 0 0 0 468 1.60431e-13 1.47087e-13 0 0 0 0.0234 -0.00702 -0.00702 0 0 0 0 0 0 0 0 0 0 0
235 0.0235 -0.00705 -0.00705 0 0 0 470 -8.18582e-15 -2.15298e-14 0 0 0 0.0235 -0.00705 -0.00705 0 0 0 0 0 0 0 0 0 0 0
236 0.0236 -0.00708 -0.00708 0 0 0 472 -1.91014e-13 -1.91014e-13 0 0 0 0.0236 -0.00708 -0.00708 0 0 0 0 0 0 0 0 0 0 0
237 0.0237 -0.00711 -0.00711 0 0 0 474 -1.93435e-13 -1.80091e-13 0 0 0 0.0237 -0.00711 -0.00711 0 0 0 0 0 0 0 0 0 0 0
238 0.0238 -0.00714 -0.00714 0 0 0 476 5.38716e-14 6.72156e-14 0 0 0 0.0238 -0.00714 -0.00714 0 0 0 0 0 0 0 0 0 0 0
239 0.0239 -0.00717 -0.00717 0 0 0 478 1.74147e-13 1.74147e-13 0 0 0 0.0239 -0.00717 -0.00717 0 0 0 0 0 0 0 0 0 0 0
240 0.024 -0.0072 -0.0072 0 0 0 480 1.70859e-13 1.57515e-13 0 0 0 0.024 -0.0072 -0.0072 0 0 0 0 0 0 0 0 0 0 0
241 0.0241 -0.00723 -0.00723 0 0 0 482 2.97971e-14 1.6453e-14 0 0 0 0.0241 -0.00723 -0.00723 0 0 0 0 0 0 0 0 0 0 0
242 0.0242 -0.00726 -0.00726 0 0 0 484 -1.53031e-13 -1.53031e-13 0 0 0 0.0242 -0.00726 -0.00726 0 0 0 0 0 0 0 0 0 0 0
243 0.0243 -0.00729 -0.00729 0 0 0 486 -2.10562e-13 -1.97218e-13 0 0 0 0.0243 -0.00729 -0.00729 0 0 0 0 0 0 0 0 0 0 0
244 0.0244 -0.00732 -0.00732 0 0 0 488 -3.34427e-14 -2.00987e-14 0 0 0 0.0244 -0.00732 -0.00732 0 0 0 0 0 0 0 0 0 0 0
245 0.0245 -0.00735 -0.00735 0 0 0 490 1.4281e-13 1.4281e-13 0 0 0 0.0245 -0.00735 -0.00735 0 0 0 0 0 0 0 0 0 0 0
246 0.0246 -0.00738 -0.00738 0 0 0 492 2.37264e-13 2.2392e-13 0 0 0 0.0246 -0.00738 -0.00738 0 0 0 0 0 0 0 0 0 0 0
247 0.0247 -0.00741 -0.00741 0 0 0 494 8.19908e-14 6.86468e-14 0 0 0 0.0247 -0.00741 -0.00741 0 0 0 0 0 0 0 0 0 0 0
248 0.0248 -0.00744 -0.00744 0 0 0 496 -1.55947e-13 -1.55947e-13 0 0 0 0.0248 -0.00744 -0.00744 0 0 0 0 0 0 0 0 0 0 0
249 0.0249 -0.00747 -0.00747 0 0 0 498 -2.97009e-13 -2.83665e-13 0 0 0 0.0249 -0.00747 -0.00747 0 0 0 0 0 0 0 0 0 0 0
250 0.025 -0.0075 -0.0075 0 0 0 500 -1.34101e-13 -1.20757e-13 0 0 0 0.025 -0.0075 -0.0075 0 0 0 0 0 0 0 0 0 0 0
251 0.0251 -0.00753 -0.00753 0 0 0 502 1.53237e-13 1.53237e-13 0 0 0 0.0251 -0.00753 -0.00753 0 0 0 0 0 0 0 0 0 0 0
252 0.0252 -0.00756 -0.00756 0 0 0 504 3.17013e-13 3.03669e-13 0 0 0 0.0252 -0.00756 -0.00756 0 0 0 0 0 0 0 0 0 0 0
253 0.0253 -0.00759 -0.00759 0 0 0 506 1.05763e-13 9.24188e-14 0 0 0 0.0253 -0.00759 -0.00759 0 0 0 0 0 0 0 0 0 0 0
254 0.0254 -0.00762 -0.00762 0 0 0 508 -1.45519e-13 -1.45519e-13 0 0 0 0.0254 -0.00762 -0.00762 0 0 0 0 0 0 0 0 0 0 0
255 0.0255 -0.00765 -0.00765 0 0 0 510 -3.14136e-13 -3.00792e-13 0 0 0 0.0255 -0.00765 -0.00765 0 0 0 0 0 0 0 0 0 0 0
256 0.0256 -0.00768 -0.00768 0 0 0 512 -1.51228e-13 -1.37884e-13 0 0 0 0.0256 -0.00768 -0.00768 0 0 0 0 0 0 0 0 0 0 0
257 0.0257 -0.00771 -0.00771 0 0 0 514 1.77876e-13 1.77876e-13 0 0 0 0.0257 -0.00771 -0.00771 0 0 0 0 0 0 0 0 0 0 0
258 0.0258 -0.00774 -0.00774 0 0 0 516 3.40785e-13 3.27441e-13 0 0 0 0.0258 -0.00774 -0.00774 0 0 0 0 0 0 0 0 0 0 0
259 0.0259 -0.00777 -0.00777 0 0 0 518 1.29535e-13 1.16191e-13 0 0 0 0.0259 -0.00777 -0.00777 0 0 0 0 0 0 0 0 0 0 0
260 0.026 -0.0078 -0.0078 0 0 0 520 -1.62646e-13 -1.62646e-13 0 0 0 0.026 -0.0078 -0.0078 0 0 0 0 0 0 0 0 0 0 0
261 0.0261 -0.00783 -0.00783 0 0 0 522 -3.03708e-13 -3.03708e-13 0 0 0 0.0261 -0.00783 -0.00783 0 0 0 0 0 0 0 0 0 0 0
262 0.0262 -0.00786 -0.00786 0 0 0 524 -1.14112e-13 -1.408e-13 0 0 0 0.0262 -0.00786 -0.00786 0 0 0 0 0 0 0 0 0 0 0
263 0.0263 -0.00789 -0.00789 0 0 0 526 2.01648e-13 1.7496e-13 0 0 0 0.0263 -0.00789 -0.00789 0 0 0 0 0 0 0 0 0 0 0
264 0.0264 -0.00792 -0.00792 0 0 0 528 3.52079e-13 3.52079e-13 0 0 0 0.0264 -0.00792 -0.00792 0 0 0 0 0 0 0 0 0 0 0
265 0.0265 -0.00795 -0.00795 0 0 0 530 1.41696e-13 1.68385e-13 0 0 0 0.0265 -0.00795 -0.00795 0 0 0 0 0 0 0 0 0 0 0
266 0.0266 -0.00798 -0.00798 0 0 0 532 -1.78906e-13 -1.52218e-13 0 0 0 0.0266 -0.00798 -0.00798 0 0 0 0 0 0 0 0 0 0 0
267 0.0267 -0.00801 -0.00801 0 0 0 534 -2.9328e-13 -2.9328e-13 0 0 0 0.0267 -0.00801 -0.00801 0 0 0 0 0 0 0 0 0 0 0
268 0.0268 -0.00804 -0.00804 0 0 0 536 -1.44583e-13 -1.71271e-13 0 0 0 0.0268 -0.00804 -0.00804 0 0 0 0 0 0 0 0 0 0 0
269 0.0269 -0.00807 -0.00807 0 0 0 538 1.71177e-13 1.44489e-13 0 0 0 0.0269 -0.00807 -0.00807 0 0 0 0 0 0 0 0 0 0 0
270 0.027 -0.0081 -0.0081 0 0 0 540 3.07398e-13 3.07398e-13 0 0 0 0.027 -0.0081 -0.0081 0 0 0 0 0 0 0 0 0 0 0
271 0.0271 -0.00813 -0.00813 0 0 0 542 1.11226e-13 1.37914e-13 0 0 0 0.0271 -0.00813 -0.00813 0 0 0 0 0 0 0 0 0 0 0
272 0.0272 -0.00816 -0.00816 0 0 0 544 -2.09377e-13 -1.82689e-13 0 0 0 0.0272 -0.00816 -0.00816 0 0 0 0 0 0 0 0 0 0 0
273 0.0273 -0.00819 -0.00819 0 0 0 546 -3.66384e-13 -3.66384e-13 0 0 0 0.0273 -0.00819 -0.00819 0 0 0 0 0 0 0 0 0 0 0
274 0.0274 -0.00822 -0.00822 0 0 0 548 -1.34155e-13 -1.60843e-13 0 0 0 0.0274 -0.00822 -0.00822 0 0 0 0 0 0 0 0 0 0 0
275 0.0275 -0.00825 -0.00825 0 0 0 550 2.22504e-13 1.95816e-13 0 0 0 0.0275 -0.00825 -0.00825 0 0 0 0 0 0 0 0 0 0 0
276 0.0276 -0.00828 -0.00828 0 0 0 552 3.72935e-13 3.72935e-13 0 0 0 0.0276 -0.00828 -0.00828 0 0 0 0 0 0 0 0 0 0 0
277 0.0277 -0.00831 -0.00831 0 0 0 554 7.9021e-14 1.05709e-13 0 0 0 0.0277 -0.00831 -0.00831 0 0 0 0 0 0 0 0 0 0 0
278 0.0278 -0.00834 -0.00834 0 0 0 556 -2.41581e-13 -2.14893e-13 0 0 0 0.0278 -0.00834 -0.00834 0 0 0 0 0 0 0 0 0 0 0
279 0.0279 -0.00837 -0.00837 0 0 0 558 -2.58213e-13 -2.58213e-13 0 0 0 0.0279 -0.00837 -0.00837 0 0 0 0 0 0 0 0 0 0 0
280 0.028 -0.0084 -0.0084 0 0 0 560 -2.59846e-14 -5.26726e-14 0 0 0 0.028 -0.0084 -0.0084 0 0 0 0 0 0 0 0 0 0 0
281 0.0281 -0.00843 -0.00843 0 0 0 562 1.77823e-13 1.51135e-13 0 0 0 0.0281 -0.00843 -0.00843 0 0 0 0 0 0 0 0 0 0 0
282 0.0282 -0.00846 -0.00846 0 0 0 564 2.44722e-13 2.44722e-13 0 0 0 0.0282 -0.00846 -0.00846 0 0 0 0 0 0 0 0 0 0 0
283 0.0283 -0.00849 -0.00849 0 0 0 566 3.43392e-14 6.10273e-14 0 0 0 0.0283 -0.00849 -0.00849 0 0 0 0 0 0 0 0 0 0 0
284 0.0284 -0.00852 -0.00852 0 0 0 568 -2.02732e-13 -1.76044e-13 0 0 0 0.0284 -0.00852 -0.00852 0 0 0 0 0 0 0 0 0 0 0
285 0.0285 -0.00855 -0.00855 0 0 0 570 -2.47785e-13 -2.47785e-13 0 0 0 0.0285 -0.00855 -0.00855 0 0 0 0 0 0 0 0 0 0 0
286 0.0286 -0.00858 -0.00858 0 0 0 572 -4.39783e-14 -7.06663e-14 0 0 0 0.0286 -0.00858 -0.00858 0 0 0 0 0 0 0 0 0 0 0
287 0.0287 -0.00861 -0.00861 0 0 0 574 2.16672e-13 1.89984e-13 0 0 0 0.0287 -0.00861 -0.00861 0 0 0 0 0 0 0 0 0 0 0
288 0.0288 -0.00864 -0.00864 0 0 0 576 2.28462e-13 2.28462e-13 0 0 0 0.0288 -0.00864 -0.00864 0 0 0 0 0 0 0 0 0 0 0
289 0.0289 -0.00867 -0.00867 0 0 0 578 -3.70306e-14 -1.03426e-14 0 0 0 0.0289 -0.00867 -0.00867 0 0 0 0 0 0 0 0 0 0 0
290 0.029 -0.0087 -0.0087 0 0 0 580 -2.75835e-13 -2.49147e-13 0 0 0 0.029 -0.0087 -0.0087 0 0 0 0 0 0 0 0 0 0 0
291 0.0291 -0.00873 -0.00873 0 0 0 582 -2.37357e-13 -2.37357e-13 0 0 0 0.0291 -0.00873 -0.00873 0 0 0 0 0 0 0 0 0 0 0
292 0.0292 -0.00876 -0.00876 0 0 0 584 4.99812e-14 2.32931e-14 0 0 0 0.0292 -0.00876 -0.00876 0 0 0 0 0 0 0 0 0 0 0
293 0.0293 -0.00879 -0.00879 0 0 0 586 3.10632e-13 2.83944e-13 0 0 0 0.0293 -0.00879 -0.00879 0 0 0 0 0 0 0 0 0 0 0
294 0.0294 -0.00882 -0.00882 0 0 0 588 1.82047e-13 1.82047e-13 0 0 0 0.0294 -0.00882 -0.00882 0 0 0 0 0 0 0 0 0 0 0
295 0.0295 -0.00885 -0.00885 0 0 0 590 -2.66026e-14 8.54154e-17 0 0 0 0.0295 -0.00885 -0.00885 0 0 0 0 0 0 0 0 0 0 0
296 0.0296 -0.00888 -0.00888 0 0 0 592 -2.36986e-13 -2.10298e-13 0 0 0 0.0296 -0.00888 -0.00888 0 0 0 0 0 0 0 0 0 0 0
297 0.0297 -0.00891 -0.00891 0 0 0 594 -2.26929e-13 -2.26929e-13 0 0 0 0.0297 -0.00891 -0.00891 0 0 0 0 0 0 0 0 0 0 0
298 0.0298 -0.00894 -0.00894 0 0 0 596 -2.31223e-14 -4.98104e-14 0 0 0 0.0298 -0.00894 -0.00894 0 0 0 0 0 0 0 0 0 0 0
299 0.0299 -0.00897 -0.00897 0 0 0 598 2.37528e-13 2.1084e-13 0 0 0 0.0299 -0.00897 -0.00897 0 0 0 0 0 0 0 0 0 0 0
300 0.03 -0.009 -0.009 0 0 0 600 2.49318e-13 2.49318e-13 0 0 0 0.03 -0.009 -0.009 0 0 0 0 0 0 0 0 0 0 0
301 0.0301 -0.00903 -0.00903 0 0 0 602 -1.61746e-14 1.05134e-14 0 0 0 0.0301 -0.00903 -0.00903 0 0 0 0 0 0 0 0 0 0 0
302 0.0302 -0.00906 -0.00906 0 0 0 604 -2.26558e-13 -1.9987e-13 0 0 0 0.0302 -0.00906 -0.00906 0 0 0 0 0 0 0 0 0 0 0
303 0.0303 -0.00909 -0.00909 0 0 0 606 -2.16501e-13 -2.16501e-13 0 0 0 0.0303 -0.00909 -0.00909 0 0 0 0 0 0 0 0 0 0 0
304 0.0304 -0.00912 -0.00912 0 0 0 608 1.57274e-14 -1.09607e-14 0 0 0 0.0304 -0.00912 -0.00912 0 0 0 0 0 0 0 0 0 0 0
305 0.0305 -0.00915 -0.00915 0 0 0 610 1.64425e-13 1.37737e-13 0 0 0 0.0305 -0.00915 -0.00915 0 0 0 0 0 0 0 0 0 0 0
306 0.0306 -0.00918 -0.00918 0 0 0 612 1.76215e-13 1.76215e-13 0 0 0 0.0306 -0.00918 -0.00918 0 0 0 0 0 0 0 0 0 0 0
307 0.0307 -0.00921 -0.00921 0 0 0 614 -5.74666e-15 2.09414e-14 0 0 0 0.0307 -0.00921 -0.00921 0 0 0 0 0 0 0 0 0 0 0
308 0.0308 -0.00924 -0.00924 0 0 0 616 -1.32598e-13 -1.0591e-13 0 0 0 0.0308 -0.00924 -0.00924 0 0 0 0 0 0 0 0 0 0 0
309 0.0309 -0.00927 -0.00927 0 0 0 618 -2.06073e-13 -2.06073e-13 0 0 0 0.0309 -0.00927 -0.00927 0 0 0 0 0 0 0 0 0 0 0
310 0.031 -0.0093 -0.0093 0 0 0 620 -5.73761e-14 -8.40641e-14 0 0 0 0.031 -0.0093 -0.0093 0 0 0 0 0 0 0 0 0 0 0
311 0.0311 -0.00933 -0.00933 0 0 0 622 2.03274e-13 1.76586e-13 0 0 0 0.0311 -0.00933 -0.00933 0 0 0 0 0 0 0 0 0 0 0
312 0.0312 -0.00936 -0.00936 0 0 0 624 2.70174e-13 2.70174e-13 0 0 0 0.0312 -0.00936 -0.00936 0 0 0 0 0 0 0 0 0 0 0
313 0.0313 -0.00939 -0.00939 0 0 0 626 -2.37404e-14 2.94768e-15 0 0 0 0.0313 -0.00939 -0.00939 0 0 0 0 0 0 0 0 0 0 0
314 0.0314 -0.00942 -0.00942 0 0 0 628 -2.35857e-13 -2.09169e-13 0 0 0 0.0314 -0.00942 -0.00942 0 0 0 0 0 0 0 0 0 0 0
315 0.0315 -0.00945 -0.00945 0 0 0 630 -1.40536e-13 -1.40536e-13 0 0 0 0.0315 -0.00945 -0.00945 0 0 0 0 0 0 0 0 0 0 0
316 0.0316 -0.00948 -0.00948 0 0 0 632 3.65834e-14 9.89533e-15 0 0 0 0.0316 -0.00948 -0.00948 0 0 0 0 0 0 0 0 0 0 0
317 0.0317 -0.00951 -0.00951 0 0 0 634 1.85281e-13 1.58593e-13 0 0 0 0.0317 -0.00951 -0.00951 0 0 0 0 0 0 0 0 0 0 0
318 0.0318 -0.00954 -0.00954 0 0 0 636 1.41961e-13 1.41961e-13 0 0 0 0.0318 -0.00954 -0.00954 0 0 0 0 0 0 0 0 0 0 0
319 0.0319 -0.00957 -0.00957 0 0 0 638 -4.17341e-14 -1.5046e-14 0 0 0 0.0319 -0.00957 -0.00957 0 0 0 0 0 0 0 0 0 0 0
320 0.032 -0.0096 -0.0096 0 0 0 640 -1.97007e-13 -1.70319e-13 0 0 0 0.032 -0.0096 -0.0096 0 0 0 0 0 0 0 0 0 0 0
321 0.0321 -0.00963 -0.00963 0 0 0 642 -1.01686e-13 -1.01686e-13 0 0 0 0.0321 -0.00963 -0.00963 0 0 0 0 0 0 0 0 0 0 0
322 0.0322 -0.00966 -0.00966 0 0 0 644 7.36994e-14 4.70114e-14 0 0 0 0.0322 -0.00966 -0.00966 0 0 0 0 0 0 0 0 0 0 0
323 0.0323 -0.00969 -0.00969 0 0 0 646 1.40599e-13 1.13911e-13 0 0 0 0.0323 -0.00969 -0.00969 0 0 0 0 0 0 0 0 0 0 0
324 0.0324 -0.00972 -0.00972 0 0 0 648 1.23967e-13 1.23967e-13 0 0 0 0.0324 -0.00972 -0.00972 0 0 0 0 0 0 0 0 0 0 0
325 0.0325 -0.00975 -0.00975 0 0 0 650 -8.64159e-14 -5.97278e-14 0 0 0 0.0325 -0.00975 -0.00975 0 0 0 0 0 0 0 0 0 0 0
326 0.0326 -0.00978 -0.00978 0 0 0 652 -1.31469e-13 -1.04781e-13 0 0 0 0.0326 -0.00978 -0.00978 0 0 0 0 0 0 0 0 0 0 0
327 0.0327 -0.00981 -0.00981 0 0 0 654 -6.45699e-14 -6.45699e-14 0 0 0 0.0327 -0.00981 -0.00981 0 0 0 0 0 0 0 0 0 0 0
328 0.0328 -0.00984 -0.00984 0 0 0 656 8.58611e-14 5.9173e-14 0 0 0 0.0328 -0.00984 -0.00984 0 0 0 0 0 0 0 0 0 0 0
329 0.0329 -0.00987 -0.00987 0 0 0 658 1.22605e-13 9.59172e-14 0 0 0 0.0329 -0.00987 -0.00987 0 0 0 0 0 0 0 0 0 0 0
330 0.033 -0.0099 -0.0099 0 0 0 660 7.92853e-14 7.92853e-14 0 0 0 0.033 -0.0099 -0.0099 0 0 0 0 0 0 0 0 0 0 0
331 0.0331 -0.00993 -0.00993 0 0 0 662 -2.08781e-14 5.80994e-15 0 0 0 0.0331 -0.00993 -0.00993 0 0 0 0 0 0 0 0 0 0 0
332 0.0332 -0.00996 -0.00996 0 0 0 664 -1.76151e-13 -1.49463e-13 0 0 0 0.0332 -0.00996 -0.00996 0 0 0 0 0 0 0 0 0 0 0
333 0.0333 -0.00999 -0.00999 0 0 0 666 -5.24083e-14 -5.24083e-14 0 0 0 0.0333 -0.00999 -0.00999 0 0 0 0 0 0 0 0 0 0 0
334 0.0334 -0.01002 -0.01002 0 0 0 668 3.94456e-14 1.27576e-14 0 0 0 0.0334 -0.01002 -0.01002 0 0 0 0 0 0 0 0 0 0 0
335 0.0335 -0.01005 -0.01005 0 0 0 670 7.79235e-14 5.12354e-14 0 0 0 0.0335 -0.01005 -0.01005 0 0 0 0 0 0 0 0 0 0 0
336 0.0336 -0.01008 -0.01008 0 0 0 672 1.44823e-13 1.44823e-13 0 0 0 0.0336 -0.01008 -0.01008 0 0 0 0 0 0 0 0 0 0 0
337 0.0337 -0.01011 -0.01011 0 0 0 674 1.79716e-14 4.46596e-14 0 0 0 0.0337 -0.01011 -0.01011 0 0 0 0 0 0 0 0 0 0 0
338 0.0338 -0.01014 -0.01014 0 0 0 676 -1.10614e-13 -8.39255e-14 0 0 0 0.0338 -0.01014 -0.01014 0 0 0 0 0 0 0 0 0 0 0
339 0.0339 -0.01017 -0.01017 0 0 0 678 -9.88237e-14 -9.88237e-14 0 0 0 0.0339 -0.01017 -0.01017 0 0 0 0 0 0 0 0 0 0 0
340 0.034 -0.0102 -0.0102 0 0 0 680 -6.03459e-14 -8.70339e-14 0 0 0 0.034 -0.0102 -0.0102 0 0 0 0 0 0 0 0 0 0 0
341 0.0341 -0.01023 -0.01023 0 0 0 682 5.99298e-14 3.32417e-14 0 0 0 0.0341 -0.01023 -0.01023 0 0 0 0 0 0 0 0 0 0 0
342 0.0342 -0.01026 -0.01026 0 0 0 684 2.12094e-13 2.12094e-13 0 0 0 0.0342 -0.01026 -0.01026 0 0 0 0 0 0 0 0 0 0 0
343 0.0343 -0.01029 -0.01029 0 0 0 686 8.35093e-14 1.10197e-13 0 0 0 0.0343 -0.01029 -0.01029 0 0 0 0 0 0 0 0 0 0 0
344 0.0344 -0.01032 -0.01032 0 0 0 688 -1.26874e-13 -1.00186e-13 0 0 0 0.0344 -0.01032 -0.01032 0 0 0 0 0 0 0 0 0 0 0
345 0.0345 -0.01035 -0.01035 0 0 0 690 -1.98615e-13 -1.98615e-13 0 0 0 0.0345 -0.01035 -0.01035 0 0 0 0 0 0 0 0 0 0 0
346 0.0346 -0.01038 -0.01038 0 0 0 692 -1.06761e-13 -1.33449e-13 0 0 0 0.0346 -0.01038 -0.01038 0 0 0 0 0 0 0 0 0 0 0
347 0.0347 -0.01041 -0.01041 0 0 0 694 1.27201e-13 1.00513e-13 0 0 0 0.0347 -0.01041 -0.01041 0 0 0 0 0 0 0 0 0 0 0
348 0.0348 -0.01044 -0.01044 0 0 0 696 2.20789e-13 2.20789e-13 0 0 0 0.0348 -0.01044 -0.01044 0 0 0 0 0 0 0 0 0 0 0
349 0.0349 -0.01047 -0.01047 0 0 0 698 6.72493e-14 9.39373e-14 0 0 0 0.0349 -0.01047 -0.01047 0 0 0 0 0 0 0 0 0 0 0
350 0.035 -0.0105 -0.0105 0 0 0 700 -1.99977e-13 -1.73289e-13 0 0 0 0.035 -0.0105 -0.0105 0 0 0 0 0 0 0 0 0 0 0
351 0.0351 -0.01053 -0.01053 0 0 0 702 -3.0014e-13 -3.0014e-13 0 0 0 0.0351 -0.01053 -0.01053 0 0 0 0 0 0 0 0 0 0 0
352 0.0352 -0.01056 -0.01056 0 0 0 704 -9.45997e-14 -1.21288e-13 0 0 0 0.0352 -0.01056 -0.01056 0 0 0 0 0 0 0 0 0 0 0
353 0.0353 -0.01059 -0.01059 0 0 0 706 1.64317e-13 1.37629e-13 0 0 0 0.0353 -0.01059 -0.01059 0 0 0 0 0 0 0 0 0 0 0
354 0.0354 -0.01062 -0.01062 0 0 0 708 2.8806e-13 2.8806e-13 0 0 0 0.0354 -0.01062 -0.01062 0 0 0 0 0 0 0 0 0 0 0
355 0.0355 -0.01065 -0.01065 0 0 0 710 1.04365e-13 1.31053e-13 0 0 0 0.0355 -0.01065 -0.01065 0 0 0 0 0 0 0 0 0 0 0
356 0.0356 -0.01068 -0.01068 0 0 0 712 -1.61127e-13 -1.34439e-13 0 0 0 0.0356 -0.01068 -0.01068 0 0 0 0 0 0 0 0 0 0 0
357 0.0357 -0.01071 -0.01071 0 0 0 714 -2.32869e-13 -2.32869e-13 0 0 0 0.0357 -0.01071 -0.01071 0 0 0 0 0 0 0 0 0 0 0
358 0.0358 -0.01074 -0.01074 0 0 0 716 -8.59053e-14 -1.12593e-13 0 0 0 0.0358 -0.01074 -0.01074 0 0 0 0 0 0 0 0 0 0 0
359 0.0359 -0.01077 -0.01077 0 0 0 718 2.31589e-13 2.04901e-13 0 0 0 0.0359 -0.01077 -0.01077 0 0 0 0 0 0 0 0 0 0 0
360 0.036 -0.0108 -0.0108 0 0 0 720 2.41645e-13 2.41645e-13 0 0 0 0.036 -0.0108 -0.0108 0 0 0 0 0 0 0 0 0 0 0
361 0.0361 -0.01083 -0.01083 0 0 0 722 4.57379e-15 3.12618e-14 0 0 0 0.0361 -0.01083 -0.01083 0 0 0 0 0 0 0 0 0 0 0
362 0.0362 -0.01086 -0.01086 0 0 0 724 -2.32497e-13 -2.05809e-13 0 0 0 0.0362 -0.01086 -0.01086 0 0 0 0 0 0 0 0 0 0 0
363 0.0363 -0.01089 -0.01089 0 0 0 726 -2.50863e-13 -2.50863e-13 0 0 0 0.0363 -0.01089 -0.01089 0 0 0 0 0 0 0 0 0 0 0
364 0.0364 -0.01092 -0.01092 0 0 0 728 -1.86339e-14 -4.5322e-14 0 0 0 0.0364 -0.01092 -0.01092 0 0 0 0 0 0 0 0 0 0 0
365 0.0365 -0.01095 -0.01095 0 0 0 730 2.97126e-13 2.70438e-13 0 0 0 0.0365 -0.01095 -0.01095 0 0 0 0 0 0 0 0 0 0 0
366 0.0366 -0.01098 -0.01098 0 0 0 732 2.53806e-13 2.53806e-13 0 0 0 0.0366 -0.01098 -0.01098 0 0 0 0 0 0 0 0 0 0 0
367 0.0367 -0.01101 -0.01101 0 0 0 734 -6.85297e-14 -4.18416e-14 0 0 0 0.0367 -0.01101 -0.01101 0 0 0 0 0 0 0 0 0 0 0
368 0.0368 -0.01104 -0.01104 0 0 0 736 -3.62444e-13 -3.35756e-13 0 0 0 0.0368 -0.01104 -0.01104 0 0 0 0 0 0 0 0 0 0 0
369 0.0369 -0.01107 -0.01107 0 0 0 738 -2.12013e-13 -2.12013e-13 0 0 0 0.0369 -0.01107 -0.01107 0 0 0 0 0 0 0 0 0 0 0
370 0.037 -0.0111 -0.0111 0 0 0 740 1.30435e-13 1.03747e-13 0 0 0 0.037 -0.0111 -0.0111 0 0 0 0 0 0 0 0 0 0 0
371 0.0371 -0.01113 -0.01113 0 0 0 742 3.35976e-13 3.09288e-13 0 0 0 0.0371 -0.01113 -0.01113 0 0 0 0 0 0 0 0 0 0 0
372 0.0372 -0.01116 -0.01116 0 0 0 744 2.35813e-13 2.35813e-13 0 0 0 0.0372 -0.01116 -0.01116 0 0 0 0 0 0 0 0 0 0 0
373 0.0373 -0.01119 -0.01119 0 0 0 746 -1.68321e-13 -1.41633e-13 0 0 0 0.0373 -0.01119 -0.01119 0 0 0 0 0 0 0 0 0 0 0
374 0.0374 -0.01122 -0.01122 0 0 0 748 -3.50282e-13 -3.23594e-13 0 0 0 0.0374 -0.01122 -0.01122 0 0 0 0 0 0 0 0 0 0 0
375 0.0375 -0.01125 -0.01125 0 0 0 750 -1.74897e-13 -1.74897e-13 0 0 0 0.0375 -0.01125 -0.01125 0 0 0 0 0 0 0 0 0 0 0
376 0.0376 -0.01128 -0.01128 0 0 0 752 1.69285e-13 1.42597e-13 0 0 0 0.0376 -0.01128 -0.01128 0 0 0 0 0 0 0 0 0 0 0
377 0.0377 -0.01131 -0.01131 0 0 0 754 3.17982e-13 2.91294e-13 0 0 0 0.0377 -0.01131 -0.01131 0 0 0 0 0 0 0 0 0 0 0
378 0.0378 -0.01134 -0.01134 0 0 0 756 1.07599e-13 1.07599e-13 0 0 0 0.0378 -0.01134 -0.01134 0 0 0 0 0 0 0 0 0 0 0
379 0.0379 -0.01137 -0.01137 0 0 0 758 -1.02783e-13 -7.60954e-14 0 0 0 0.0379 -0.01137 -0.01137 0 0 0 0 0 0 0 0 0 0 0
380 0.038 -0.0114 -0.0114 0 0 0 760 -2.29635e-13 -2.02947e-13 0 0 0 0.038 -0.0114 -0.0114 0 0 0 0 0 0 0 0 0 0 0
381 0.0381 -0.01143 -0.01143 0 0 0 762 -1.36047e-13 -1.36047e-13 0 0 0 0.0381 -0.01143 -0.01143 0 0 0 0 0 0 0 0 0 0 0
382 0.0382 -0.01146 -0.01146 0 0 0 764 1.51291e-13 1.24603e-13 0 0 0 0.0382 -0.01146 -0.01146 0 0 0 0 0 0 0 0 0 0 0
383 0.0383 -0.01149 -0.01149 0 0 0 766 1.89769e-13 1.63081e-13 0 0 0 0.0383 -0.01149 -0.01149 0 0 0 0 0 0 0 0 0 0 0
384 0.0384 -0.01152 -0.01152 0 0 0 768 8.96057e-14 8.96057e-14 0 0 0 0.0384 -0.01152 -0.01152 0 0 0 0 0 0 0 0 0 0 0
385 0.0385 -0.01155 -0.01155 0 0 0 770 -1.47465e-13 -1.20777e-13 0 0 0 0.0385 -0.01155 -0.01155 0 0 0 0 0 0 0 0 0 0 0
386 0.0386 -0.01158 -0.01158 0 0 0 772 -1.90785e-13 -1.64097e-13 0 0 0 0.0386 -0.01158 -0.01158 0 0 0 0 0 0 0 0 0 0 0
387 0.0387 -0.01161 -0.01161 0 0 0 774 -7.05096e-14 -7.05096e-14 0 0 0 0.0387 -0.01161 -0.01161 0 0 0 0 0 0 0 0 0 0 0
388 0.0388 -0.01164 -0.01164 0 0 0 776 1.0661e-13 7.99215e-14 0 0 0 0.0388 -0.01164 -0.01164 0 0 0 0 0 0 0 0 0 0 0
389 0.0389 -0.01167 -0.01167 0 0 0 778 1.71775e-13 1.45087e-13 0 0 0 0.0389 -0.01167 -0.01167 0 0 0 0 0 0 0 0 0 0 0
390 0.039 -0.0117 -0.0117 0 0 0 780 7.33457e-14 7.33457e-14 0 0 0 0.039 -0.0117 -0.0117 0 0 0 0 0 0 0 0 0 0 0
391 0.0391 -0.01173 -0.01173 0 0 0 782 -1.08616e-13 -8.19275e-14 0 0 0 0.0391 -0.01173 -0.01173 0 0 0 0 0 0 0 0 0 0 0
392 0.0392 -0.01176 -0.01176 0 0 0 784 -1.25247e-13 -9.85594e-14 0 0 0 0.0392 -0.01176 -0.01176 0 0 0 0 0 0 0 0 0 0 0
393 0.0393 -0.01179 -0.01179 0 0 0 786 -1.15191e-13 -1.15191e-13 0 0 0 0.0393 -0.01179 -0.01179 0 0 0 0 0 0 0 0 0 0 0
394 0.0394 -0.01182 -0.01182 0 0 0 788 1.17038e-13 9.03494e-14 0 0 0 0.0394 -0.01182 -0.01182 0 0 0 0 0 0 0 0 0 0 0
395 0.0395 -0.01185 -0.01185 0 0 0 790 1.83937e-13 1.57249e-13 0 0 0 0.0395 -0.01185 -0.01185 0 0 0 0 0 0 0 0 0 0 0
396 0.0396 -0.01188 -0.01188 0 0 0 792 5.53519e-14 5.53519e-14 0 0 0 0.0396 -0.01188 -0.01188 0 0 0 0 0 0 0 0 0 0 0
397 0.0397 -0.01191 -0.01191 0 0 0 794 -1.26609e-13 -9.99212e-14 0 0 0 0.0397 -0.01191 -0.01191 0 0 0 0 0 0 0 0 0 0 0
398 0.0398 -0.01194 -0.01194 0 0 0 796 -1.69929e-13 -1.43241e-13 0 0 0 0.0398 -0.01194 -0.01194 0 0 0 0 0 0 0 0 0 0 0
399 0.0399 -0.01197 -0.01197 0 0 0 798 -4.96536e-14 -4.96536e-14 0 0 0 0.0399 -0.01197 -0.01197 0 0 0 0 0 0 0 0 0 0 0
400 0.04 -0.012 -0.012 0 0 0 800 1.55887e-13 1.29199e-13 0 0 0 0.04 -0.012 -0.012 0 0 0 0 0 0 0 0 0 0 0
401 0.0401 -0.01203 -0.01203 0 0 0 802 1.92631e-13 1.65943e-13 0 0 0 0.0401 -0.01203 -0.01203 0 0 0 0 0 0 0 0 0 0 0
402 0.0402 -0.01206 -0.01206 0 0 0 804 1.22623e-13 1.22623e-13 0 0 0 0.0402 -0.01206 -0.01206 0 0 0 0 0 0 0 0 0 0 0
403 0.0403 -0.01209 -0.01209 0 0 0 806 -1.42869e-13 -1.16181e-13 0 0 0 0.0403 -0.01209 -0.01209 0 0 0 0 0 0 0 0 0 0 0
404 0.0404 -0.01212 -0.01212 0 0 0 808 -2.16345e-13 -1.89657e-13 0 0 0 0.0404 -0.01212 -0.01212 0 0 0 0 0 0 0 0 0 0 0
405 0.0405 -0.01215 -0.01215 0 0 0 810 -9.43354e-14 -9.43354e-14 0 0 0 0.0405 -0.01215 -0.01215 0 0 0 0 0 0 0 0 0 0 0
406 0.0406 -0.01218 -0.01218 0 0 0 812 1.93003e-13 1.66315e-13 0 0 0 0.0406 -0.01218 -0.01218 0 0 0 0 0 0 0 0 0 0 0
407 0.0407 -0.01221 -0.01221 0 0 0 814 2.31481e-13 2.04793e-13 0 0 0 0.0407 -0.01221 -0.01221 0 0 0 0 0 0 0 0 0 0 0
408 0.0408 -0.01224 -0.01224 0 0 0 816 7.62079e-14 7.62079e-14 0 0 0 0.0408 -0.01224 -0.01224 0 0 0 0 0 0 0 0 0 0 0
409 0.0409 -0.01227 -0.01227 0 0 0 818 -1.60863e-13 -1.34175e-13 0 0 0 0.0409 -0.01227 -0.01227 0 0 0 0 0 0 0 0 0 0 0
410 0.041 -0.0123 -0.0123 0 0 0 820 -2.32605e-13 -2.05917e-13 0 0 0 0.041 -0.0123 -0.0123 0 0 0 0 0 0 0 0 0 0 0
411 0.0411 -0.01233 -0.01233 0 0 0 822 -2.87976e-14 -2.87976e-14 0 0 0 0.0411 -0.01233 -0.01233 0 0 0 0 0 0 0 0 0 0 0
412 0.0412 -0.01236 -0.01236 0 0 0 824 2.05165e-13 1.78477e-13 0 0 0 0.0412 -0.01236 -0.01236 0 0 0 0 0 0 0 0 0 0 0
413 0.0413 -0.01239 -0.01239 0 0 0 826 1.86799e-13 1.60111e-13 0 0 0 0.0413 -0.01239 -0.01239 0 0 0 0 0 0 0 0 0 0 0
414 0.0414 -0.01242 -0.01242 0 0 0 828 4.8381e-15 4.8381e-15 0 0 0 0.0414 -0.01242 -0.01242 0 0 0 0 0 0 0 0 0 0 0
415 0.0415 -0.01245 -0.01245 0 0 0 830 -1.77123e-13 -1.50435e-13 0 0 0 0.0415 -0.01245 -0.01245 0 0 0 0 0 0 0 0 0 0 0
416 0.0416 -0.01248 -0.01248 0 0 0 832 -1.95489e-13 -1.68801e-13 0 0 0 0.0416 -0.01248 -0.01248 0 0 0 0 0 0 0 0 0 0 0
417 0.0417 -0.01251 -0.01251 0 0 0 834 3.84738e-14 3.84738e-14 0 0 0 0.0417 -0.01251 -0.01251 0 0 0 0 0 0 0 0 0 0 0
418 0.0418 -0.01254 -0.01254 0 0 0 836 2.42281e-13 2.15593e-13 0 0 0 0.0418 -0.01254 -0.01254 0 0 0 0 0 0 0 0 0 0 0
419 0.0419 -0.01257 -0.01257 0 0 0 838 1.70539e-13 1.43851e-13 0 0 0 0.0419 -0.01257 -0.01257 0 0 0 0 0 0 0 0 0 0 0
420 0.042 -0.0126 -0.0126 0 0 0 840 -6.65317e-14 -6.65317e-14 0 0 0 0.042 -0.0126 -0.0126 0 0 0 0 0 0 0 0 0 0 0
421 0.0421 -0.01263 -0.01263 0 0 0 842 -2.50227e-13 -2.23539e-13 0 0 0 0.0421 -0.01263 -0.01263 0 0 0 0 0 0 0 0 0 0 0
422 0.0422 -0.01266 -0.01266 0 0 0 844 -1.83327e-13 -1.56639e-13 0 0 0 0.0422 -0.01266 -0.01266 0 0 0 0 0 0 0 0 0 0 0
423 0.0423 -0.01269 -0.01269 0 0 0 846 1.04012e-13 1.04012e-13 0 0 0 0.0423 -0.01269 -0.01269 0 0 0 0 0 0 0 0 0 0 0
424 0.0424 -0.01272 -0.01272 0 0 0 848 2.26021e-13 1.99333e-13 0 0 0 0.0424 -0.01272 -0.01272 0 0 0 0 0 0 0 0 0 0 0
425 0.0425 -0.01275 -0.01275 0 0 0 850 1.52546e-13 1.25857e-13 0 0 0 0.0425 -0.01275 -0.01275 0 0 0 0 0 0 0 0 0 0 0
426 0.0426 -0.01278 -0.01278 0 0 0 852 -1.12947e-13 -1.12947e-13 0 0 0 0.0426 -0.01278 -0.01278 0 0 0 0 0 0 0 0 0 0 0
427 0.0427 -0.01281 -0.01281 0 0 0 854 -1.82955e-13 -1.56267e-13 0 0 0 0.0427 -0.01281 -0.01281 0 0 0 0 0 0 0 0 0 0 0
428 0.0428 -0.01284 -0.01284 0 0 0 856 -1.46211e-13 -1.19523e-13 0 0 0 0.0428 -0.01284 -0.01284 0 0 0 0 0 0 0 0 0 0 0
429 0.0429 -0.01287 -0.01287 0 0 0 858 5.93298e-14 5.93298e-14 0 0 0 0.0429 -0.01287 -0.01287 0 0 0 0 0 0 0 0 0 0 0
430 0.043 -0.0129 -0.0129 0 0 0 860 1.79605e-13 1.52917e-13 0 0 0 0.043 -0.0129 -0.0129 0 0 0 0 0 0 0 0 0 0 0
431 0.0431 -0.01293 -0.01293 0 0 0 862 1.36285e-13 1.09597e-13 0 0 0 0.0431 -0.01293 -0.01293 0 0 0 0 0 0 0 0 0 0 0
432 0.0432 -0.01296 -0.01296 0 0 0 864 -4.56757e-14 -4.56757e-14 0 0 0 0.0432 -0.01296 -0.01296 0 0 0 0 0 0 0 0 0 0 0
433 0.0433 -0.01299 -0.01299 0 0 0 866 -1.74261e-13 -1.47573e-13 0 0 0 0.0433 -0.01299 -0.01299 0 0 0 0 0 0 0 0 0 0 0
434 0.0434 -0.01302 -0.01302 0 0 0 868 -1.07361e-13 -8.06732e-14 0 0 0 0.0434 -0.01302 -0.01302 0 0 0 0 0 0 0 0 0 0 0
435 0.0435 -0.01305 -0.01305 0 0 0 870 1.24868e-13 1.24868e-13 0 0 0 0.0435 -0.01305 -0.01305 0 0 0 0 0 0 0 0 0 0 0
436 0.0436 -0.01308 -0.01308 0 0 0 872 1.34924e-13 1.08236e-13 0 0 0 0.0436 -0.01308 -0.01308 0 0 0 0 0 0 0 0 0 0 0
437 0.0437 -0.01311 -0.01311 0 0 0 874 1.18292e-13 9.16037e-14 0 0 0 0.0437 -0.01311 -0.01311 0 0 0 0 0 0 0 0 0 0 0
438 0.0438 -0.01314 -0.01314 0 0 0 876 -6.36695e-14 -6.36695e-14 0 0 0 0.0438 -0.01314 -0.01314 0 0 0 0 0 0 0 0 0 0 0
439 0.0439 -0.01317 -0.01317 0 0 0 878 -1.62099e-13 -1.35411e-13 0 0 0 0.0439 -0.01317 -0.01317 0 0 0 0 0 0 0 0 0 0 0
440 0.044 -0.0132 -0.0132 0 0 0 880 -1.25355e-13 -9.8667e-14 0 0 0 0.044 -0.0132 -0.0132 0 0 0 0 0 0 0 0 0 0 0
441 0.0441 -0.01323 -0.01323 0 0 0 882 8.01858e-14 8.01858e-14 0 0 0 0.0441 -0.01323 -0.01323 0 0 0 0 0 0 0 0 0 0 0
442 0.0442 -0.01326 -0.01326 0 0 0 884 2.28883e-13 2.02195e-13 0 0 0 0.0442 -0.01326 -0.01326 0 0 0 0 0 0 0 0 0 0 0
443 0.0443 -0.01329 -0.01329 0 0 0 886 4.51883e-14 1.85002e-14 0 0 0 0.0443 -0.01329 -0.01329 0 0 0 0 0 0 0 0 0 0 0
444 0.0444 -0.01332 -0.01332 0 0 0 888 -5.15078e-14 -5.15078e-14 0 0 0 0.0444 -0.01332 -0.01332 0 0 0 0 0 0 0 0 0 0 0
445 0.0445 -0.01335 -0.01335 0 0 0 890 -1.80093e-13 -1.53405e-13 0 0 0 0.0445 -0.01335 -0.01335 0 0 0 0 0 0 0 0 0 0 0
446 0.0446 -0.01338 -0.01338 0 0 0 892 -1.41615e-13 -1.14927e-13 0 0 0 0.0446 -0.01338 -0.01338 0 0 0 0 0 0 0 0 0 0 0
447 0.0447 -0.01341 -0.01341 0 0 0 894 1.74145e-13 1.74145e-13 0 0 0 0.0447 -0.01341 -0.01341 0 0 0 0 0 0 0 0 0 0 0
448 0.0448 -0.01344 -0.01344 0 0 0 896 1.5578e-13 1.29092e-13 0 0 0 0.0448 -0.01344 -0.01344 0 0 0 0 0 0 0 0 0 0 0
449 0.0449 -0.01347 -0.01347 0 0 0 898 1.39148e-13 1.1246e-13 0 0 0 0.0449 -0.01347 -0.01347 0 0 0 0 0 0 0 0 0 0 0
450 0.045 -0.0135 -0.0135 0 0 0 900 -6.95015e-14 -6.95015e-14 0 0 0 0.045 -0.0135 -0.0135 0 0 0 0 0 0 0 0 0 0 0
451 0.0451 -0.01353 -0.01353 0 0 0 902 -3.08306e-13 -2.81618e-13 0 0 0 0.0451 -0.01353 -0.01353 0 0 0 0 0 0 0 0 0 0 0
452 0.0452 -0.01356 -0.01356 0 0 0 904 -1.59609e-13 -1.32921e-13 0 0 0 0.0452 -0.01356 -0.01356 0 0 0 0 0 0 0 0 0 0 0
453 0.0453 -0.01359 -0.01359 0 0 0 906 1.57885e-13 1.57885e-13 0 0 0 0.0453 -0.01359 -0.01359 0 0 0 0 0 0 0 0 0 0 0
454 0.0454 -0.01362 -0.01362 0 0 0 908 2.49739e-13 2.23051e-13 0 0 0 0.0454 -0.01362 -0.01362 0 0 0 0 0 0 0 0 0 0 0
455 0.0455 -0.01365 -0.01365 0 0 0 910 9.4466e-14 6.77779e-14 0 0 0 0.0455 -0.01365 -0.01365 0 0 0 0 0 0 0 0 0 0 0
456 0.0456 -0.01368 -0.01368 0 0 0 912 -1.71027e-13 -1.71027e-13 0 0 0 0.0456 -0.01368 -0.01368 0 0 0 0 0 0 0 0 0 0 0
457 0.0457 -0.01371 -0.01371 0 0 0 914 -1.59237e-13 -1.32549e-13 0 0 0 0.0457 -0.01371 -0.01371 0 0 0 0 0 0 0 0 0 0 0
458 0.0458 -0.01374 -0.01374 0 0 0 916 -1.20759e-13 -9.4071e-14 0 0 0 0.0458 -0.01374 -0.01374 0 0 0 0 0 0 0 0 0 0 0
459 0.0459 -0.01377 -0.01377 0 0 0 918 5.46263e-14 5.46263e-14 0 0 0 0.0459 -0.01377 -0.01377 0 0 0 0 0 0 0 0 0 0 0
460 0.046 -0.0138 -0.0138 0 0 0 920 1.76636e-13 1.49948e-13 0 0 0 0.046 -0.0138 -0.0138 0 0 0 0 0 0 0 0 0 0 0
461 0.0461 -0.01383 -0.01383 0 0 0 922 1.33316e-13 1.06628e-13 0 0 0 0.0461 -0.01383 -0.01383 0 0 0 0 0 0 0 0 0 0 0
462 0.0462 -0.01386 -0.01386 0 0 0 924 -2.19575e-14 -2.19575e-14 0 0 0 0.0462 -0.01386 -0.01386 0 0 0 0 0 0 0 0 0 0 0
463 0.0463 -0.01389 -0.01389 0 0 0 926 -1.18654e-13 -9.19655e-14 0 0 0 0.0463 -0.01389 -0.01389 0 0 0 0 0 0 0 0 0 0 0
464 0.0464 -0.01392 -0.01392 0 0 0 928 -2.48972e-13 -2.22284e-13 0 0 0 0.0464 -0.01392 -0.01392 0 0 0 0 0 0 0 0 0 0 0
465 0.0465 -0.01395 -0.01395 0 0 0 930 -1.50098e-14 -1.50098e-14 0 0 0 0.0465 -0.01395 -0.01395 0 0 0 0 0 0 0 0 0 0 0
466 0.0466 -0.01398 -0.01398 0 0 0 932 1.31954e-13 1.05266e-13 0 0 0 0.0466 -0.01398 -0.01398 0 0 0 0 0 0 0 0 0 0 0
467 0.0467 -0.01401 -0.01401 0 0 0 934 1.4201e-13 1.15322e-13 0 0 0 0.0467 -0.01401 -0.01401 0 0 0 0 0 0 0 0 0 0 0
468 0.0468 -0.01404 -0.01404 0 0 0 936 1.27112e-13 1.27112e-13 0 0 0 0.0468 -0.01404 -0.01404 0 0 0 0 0 0 0 0 0 0 0
469 0.0469 -0.01407 -0.01407 0 0 0 938 -2.81614e-14 -1.47338e-15 0 0 0 0.0469 -0.01407 -0.01407 0 0 0 0 0 0 0 0 0 0 0
470 0.047 -0.0141 -0.0141 0 0 0 940 -1.55013e-13 -1.28325e-13 0 0 0 0.047 -0.0141 -0.0141 0 0 0 0 0 0 0 0 0 0 0
471 0.0471 -0.01413 -0.01413 0 0 0 942 -6.14253e-14 -6.14253e-14 0 0 0 0.0471 -0.01413 -0.01413 0 0 0 0 0 0 0 0 0 0 0
472 0.0472 -0.01416 -0.01416 0 0 0 944 6.0584e-14 3.3896e-14 0 0 0 0.0472 -0.01416 -0.01416 0 0 0 0 0 0 0 0 0 0 0
473 0.0473 -0.01419 -0.01419 0 0 0 946 1.27484e-13 1.00796e-13 0 0 0 0.0473 -0.01419 -0.01419 0 0 0 0 0 0 0 0 0 0 0
474 0.0474 -0.01422 -0.01422 0 0 0 948 2.55865e-14 2.55865e-14 0 0 0 0.0474 -0.01422 -0.01422 0 0 0 0 0 0 0 0 0 0 0
475 0.0475 -0.01425 -0.01425 0 0 0 950 -4.44215e-14 -1.77334e-14 0 0 0 0.0475 -0.01425 -0.01425 0 0 0 0 0 0 0 0 0 0 0
476 0.0476 -0.01428 -0.01428 0 0 0 952 -1.17897e-13 -9.12088e-14 0 0 0 0.0476 -0.01428 -0.01428 0 0 0 0 0 0 0 0 0 0 0
477 0.0477 -0.01431 -0.01431 0 0 0 954 5.84614e-15 5.84614e-15 0 0 0 0.0477 -0.01431 -0.01431 0 0 0 0 0 0 0 0 0 0 0
478 0.0478 -0.01434 -0.01434 0 0 0 956 -4.26748e-14 -6.93629e-14 0 0 0 0.0478 -0.01434 -0.01434 0 0 0 0 0 0 0 0 0 0 0
479 0.0479 -0.01437 -0.01437 0 0 0 958 1.0949e-13 8.28018e-14 0 0 0 0.0479 -0.01437 -0.01437 0 0 0 0 0 0 0 0 0 0 0
480 0.048 -0.0144 -0.0144 0 0 0 960 6.61699e-14 6.61699e-14 0 0 0 0.048 -0.0144 -0.0144 0 0 0 0 0 0 0 0 0 0 0
481 0.0481 -0.01443 -0.01443 0 0 0 962 -9.08369e-14 -6.41489e-14 0 0 0 0.0481 -0.01443 -0.01443 0 0 0 0 0 0 0 0 0 0 0
482 0.0482 -0.01446 -0.01446 0 0 0 964 -1.34157e-13 -1.07469e-13 0 0 0 0.0482 -0.01446 -0.01446 0 0 0 0 0 0 0 0 0 0 0
483 0.0483 -0.01449 -0.01449 0 0 0 966 1.45405e-14 1.45405e-14 0 0 0 0.0483 -0.01449 -0.01449 0 0 0 0 0 0 0 0 0 0 0
484 0.0484 -0.01452 -0.01452 0 0 0 968 1.3655e-13 1.09862e-13 0 0 0 0.0484 -0.01452 -0.01452 0 0 0 0 0 0 0 0 0 0 0
485 0.0485 -0.01455 -0.01455 0 0 0 970 1.4834e-13 1.21652e-13 0 0 0 0.0485 -0.01455 -0.01455 0 0 0 0 0 0 0 0 0 0 0
486 0.0486 -0.01458 -0.01458 0 0 0 972 1.97545e-14 1.97545e-14 0 0 0 0.0486 -0.01458 -0.01458 0 0 0 0 0 0 0 0 0 0 0
487 0.0487 -0.01461 -0.01461 0 0 0 974 -5.02536e-14 -2.35655e-14 0 0 0 0.0487 -0.01461 -0.01461 0 0 0 0 0 0 0 0 0 0 0
488 0.0488 -0.01464 -0.01464 0 0 0 976 -1.52151e-13 -1.25463e-13 0 0 0 0.0488 -0.01464 -0.01464 0 0 0 0 0 0 0 0 0 0 0
489 0.0489 -0.01467 -0.01467 0 0 0 978 -2.84076e-14 -2.84076e-14 0 0 0 0.0489 -0.01467 -0.01467 0 0 0 0 0 0 0 0 0 0 0
490 0.049 -0.0147 -0.0147 0 0 0 980 1.00702e-14 -1.66179e-14 0 0 0 0.049 -0.0147 -0.0147 0 0 0 0 0 0 0 0 0 0 0
491 0.0491 -0.01473 -0.01473 0 0 0 982 7.52361e-14 4.8548e-14 0 0 0 0.0491 -0.01473 -0.01473 0 0 0 0 0 0 0 0 0 0 0
492 0.0492 -0.01476 -0.01476 0 0 0 984 6.03378e-14 6.03378e-14 0 0 0 0.0492 -0.01476 -0.01476 0 0 0 0 0 0 0 0 0 0 0
493 0.0493 -0.01479 -0.01479 0 0 0 986 -6.82473e-14 -4.15592e-14 0 0 0 0.0493 -0.01479 -0.01479 0 0 0 0 0 0 0 0 0 0 0
494 0.0494 -0.01482 -0.01482 0 0 0 988 -1.39989e-13 -1.13301e-13 0 0 0 0.0494 -0.01482 -0.01482 0 0 0 0 0 0 0 0 0 0 0
495 0.0495 -0.01485 -0.01485 0 0 0 990 8.7084e-15 8.7084e-15 0 0 0 0.0495 -0.01485 -0.01485 0 0 0 0 0 0 0 0 0 0 0
496 0.0496 -0.01488 -0.01488 0 0 0 992 1.02296e-13 7.56079e-14 0 0 0 0.0496 -0.01488 -0.01488 0 0 0 0 0 0 0 0 0 0 0
497 0.0497 -0.01491 -0.01491 0 0 0 994 1.14086e-13 8.73977e-14 0 0 0 0.0497 -0.01491 -0.01491 0 0 0 0 0 0 0 0 0 0 0
498 0.0498 -0.01494 -0.01494 0 0 0 996 1.39224e-14 1.39224e-14 0 0 0 0.0498 -0.01494 -0.01494 0 0 0 0 0 0 0 0 0 0 0
499 0.0499 -0.01497 -0.01497 0 0 0 998 -1.41351e-13 -1.14663e-13 0 0 0 0.0499 -0.01497 -0.01497 0 0 0 0 0 0 0 0 0 0 0
500 0.05 -0.015 -0.015 0 0 0 1000 -7.61849e-14 -4.94968e-14 0 0 0 0.05 -0.015 -0.015 0 0 0 0 0 0 0 0 0 0 0
501 0.0501 -0.01503 -0.01503 0 0 0 1002 7.42462e-14 7.42462e-14 0 0 0 0.0501 -0.01503 -0.01503 0 0 0 0 0 0 0 0 0 0 0
502 0.0502 -0.01506 -0.01506 0 0 0 1004 1.69567e-13 1.42879e-13 0 0 0 0.0502 -0.01506 -0.01506 0 0 0 0 0 0 0 0 0 0 0
503 0.0503 -0.01509 -0.01509 0 0 0 1006 -4.42828e-14 -7.09709e-14 0 0 0 0.0503 -0.01509 -0.01509 0 0 0 0 0 0 0 0 0 0 0
504 0.0504 -0.01512 -0.01512 0 0 0 1008 -1.42713e-13 -1.42713e-13 0 0 0 0.0504 -0.01512 -0.01512 0 0 0 0 0 0 0 0 0 0 0
505 0.0505 -0.01515 -0.01515 0 0 0 1010 -4.73913e-14 -2.07032e-14 0 0 0 0.0505 -0.01515 -0.01515 0 0 0 0 0 0 0 0 0 0 0
506 0.0506 -0.01518 -0.01518 0 0 0 1012 -8.91346e-15 1.77746e-14 0 0 0 0.0506 -0.01518 -0.01518 0 0 0 0 0 0 0 0 0 0 0
507 0.0507 -0.01521 -0.01521 0 0 0 1014 8.29405e-14 8.29405e-14 0 0 0 0.0507 -0.01521 -0.01521 0 0 0 0 0 0 0 0 0 0 0
508 0.0508 -0.01524 -0.01524 0 0 0 1016 2.06683e-13 1.79995e-13 0 0 0 0.0508 -0.01524 -0.01524 0 0 0 0 0 0 0 0 0 0 0
509 0.0509 -0.01527 -0.01527 0 0 0 1018 -5.43312e-15 -3.21212e-14 0 0 0 0.0509 -0.01527 -0.01527 0 0 0 0 0 0 0 0 0 0 0
510 0.051 -0.0153 -0.0153 0 0 0 1020 -2.03314e-14 -2.03314e-14 0 0 0 0.051 -0.0153 -0.0153 0 0 0 0 0 0 0 0 0 0 0
511 0.0511 -0.01533 -0.01533 0 0 0 1022 -1.75605e-13 -1.48916e-13 0 0 0 0.0511 -0.01533 -0.01533 0 0 0 0 0 0 0 0 0 0 0
512 0.0512 -0.01536 -0.01536 0 0 0 1024 -1.10439e-13 -8.37506e-14 0 0 0 0.0512 -0.01536 -0.01536 0 0 0 0 0 0 0 0 0 0 0
513 0.0513 -0.01539 -0.01539 0 0 0 1026 9.51021e-14 9.51021e-14 0 0 0 0.0513 -0.01539 -0.01539 0 0 0 0 0 0 0 0 0 0 0
514 0.0514 -0.01542 -0.01542 0 0 0 1028 2.45533e-13 2.18845e-13 0 0 0 0.0514 -0.01542 -0.01542 0 0 0 0 0 0 0 0 0 0 0
515 0.0515 -0.01545 -0.01545 0 0 0 1030 1.16948e-13 9.026e-14 0 0 0 0.0515 -0.01545 -0.01545 0 0 0 0 0 0 0 0 0 0 0
516 0.0516 -0.01548 -0.01548 0 0 0 1032 -1.48545e-13 -1.48545e-13 0 0 0 0.0516 -0.01548 -0.01548 0 0 0 0 0 0 0 0 0 0 0
517 0.0517 -0.01551 -0.01551 0 0 0 1034 -2.7713e-13 -2.50442e-13 0 0 0 0.0517 -0.01551 -0.01551 0 0 0 0 0 0 0 0 0 0 0
518 0.0518 -0.01554 -0.01554 0 0 0 1036 -6.98553e-14 -4.31672e-14 0 0 0 0.0518 -0.01554 -0.01554 0 0 0 0 0 0 0 0 0 0 0
519 0.0519 -0.01557 -0.01557 0 0 0 1038 1.35685e-13 1.35685e-13 0 0 0 0.0519 -0.01557 -0.01557 0 0 0 0 0 0 0 0 0 0 0
520 0.052 -0.0156 -0.0156 0 0 0 1040 1.7243e-13 1.45742e-13 0 0 0 0.052 -0.0156 -0.0156 0 0 0 0 0 0 0 0 0 0 0
521 0.0521 -0.01563 -0.01563 0 0 0 1042 -3.79532e-14 -3.79532e-14 0 0 0 0.0521 -0.01563 -0.01563 0 0 0 0 0 0 0 0 0 0 0
522 0.0522 -0.01566 -0.01566 0 0 0 1044 -1.66538e-13 -1.66538e-13 0 0 0 0.0522 -0.01566 -0.01566 0 0 0 0 0 0 0 0 0 0 0
523 0.0523 -0.01569 -0.01569 0 0 0 1046 -1.28061e-13 -1.28061e-13 0 0 0 0.0523 -0.01569 -0.01569 0 0 0 0 0 0 0 0 0 0 0
524 0.0524 -0.01572 -0.01572 0 0 0 1048 1.877e-13 1.877e-13 0 0 0 0.0524 -0.01572 -0.01572 0 0 0 0 0 0 0 0 0 0 0
525 0.0525 -0.01575 -0.01575 0 0 0 1050 3.11443e-13 3.11443e-13 0 0 0 0.0525 -0.01575 -0.01575 0 0 0 0 0 0 0 0 0 0 0
526 0.0526 -0.01578 -0.01578 0 0 0 1052 7.26381e-14 7.26381e-14 0 0 0 0.0526 -0.01578 -0.01578 0 0 0 0 0 0 0 0 0 0 0
527 0.0527 -0.01581 -0.01581 0 0 0 1054 -1.37745e-13 -1.37745e-13 0 0 0 0.0527 -0.01581 -0.01581 0 0 0 0 0 0 0 0 0 0 0
528 0.0528 -0.01584 -0.01584 0 0 0 1056 -3.76549e-13 -3.76549e-13 0 0 0 0.0528 -0.01584 -0.01584 0 0 0 0 0 0 0 0 0 0 0
529 0.0529 -0.01587 -0.01587 0 0 0 1058 -2.56274e-13 -2.56274e-13 0 0 0 0.0529 -0.01587 -0.01587 0 0 0 0 0 0 0 0 0 0 0
530 0.053 -0.0159 -0.0159 0 0 0 1060 5.94866e-14 5.94866e-14 0 0 0 0.053 -0.0159 -0.0159 0 0 0 0 0 0 0 0 0 0 0
531 0.0531 -0.01593 -0.01593 0 0 0 1062 4.60512e-13 4.60512e-13 0 0 0 0.0531 -0.01593 -0.01593 0 0 0 0 0 0 0 0 0 0 0
532 0.0532 -0.01596 -0.01596 0 0 0 1064 3.31927e-13 3.31927e-13 0 0 0 0.0532 -0.01596 -0.01596 0 0 0 0 0 0 0 0 0 0 0
533 0.0533 -0.01599 -0.01599 0 0 0 1066 -9.88951e-14 -9.88951e-14 0 0 0 0.0533 -0.01599 -0.01599 0 0 0 0 0 0 0 0 0 0 0
534 0.0534 -0.01602 -0.01602 0 0 0 1068 -5.04763e-13 -5.04763e-13 0 0 0 0.0534 -0.01602 -0.01602 0 0 0 0 0 0 0 0 0 0 0
535 0.0535 -0.01605 -0.01605 0 0 0 1070 -4.66285e-13 -4.66285e-13 0 0 0 0.0535 -0.01605 -0.01605 0 0 0 0 0 0 0 0 0 0 0
536 0.0536 -0.01608 -0.01608 0 0 0 1072 1.26758e-13 1.26758e-13 0 0 0 0.0536 -0.01608 -0.01608 0 0 0 0 0 0 0 0 0 0 0
537 0.0537 -0.01611 -0.01611 0 0 0 1074 4.14097e-13 4.14097e-13 0 0 0 0.0537 -0.01611 -0.01611 0 0 0 0 0 0 0 0 0 0 0
538 0.0538 -0.01614 -0.01614 0 0 0 1076 3.70777e-13 3.70777e-13 0 0 0 0.0538 -0.01614 -0.01614 0 0 0 0 0 0 0 0 0 0 0
539 0.0539 -0.01617 -0.01617 0 0 0 1078 -3.5091e-14 -3.5091e-14 0 0 0 0.0539 -0.01617 -0.01617 0 0 0 0 0 0 0 0 0 0 0
540 0.054 -0.0162 -0.0162 0 0 0 1080 -3.55693e-13 -3.55693e-13 0 0 0 0.054 -0.0162 -0.0162 0 0 0 0 0 0 0 0 0 0 0
541 0.0541 -0.01623 -0.01623 0 0 0 1082 -3.17216e-13 -3.17216e-13 0 0 0 0.0541 -0.01623 -0.01623 0 0 0 0 0 0 0 0 0 0 0
542 0.0542 -0.01626 -0.01626 0 0 0 1084 -1.45528e-15 -1.45528e-15 0 0 0 0.0542 -0.01626 -0.01626 0 0 0 0 0 0 0 0 0 0 0
543 0.0543 -0.01629 -0.01629 0 0 0 1086 3.14305e-13 3.14305e-13 0 0 0 0.0543 -0.01629 -0.01629 0 0 0 0 0 0 0 0 0 0 0
544 0.0544 -0.01632 -0.01632 0 0 0 1088 3.52783e-13 3.52783e-13 0 0 0 0.0544 -0.01632 -0.01632 0 0 0 0 0 0 0 0 0 0 0
545 0.0545 -0.01635 -0.01635 0 0 0 1090 3.21804e-14 3.21804e-14 0 0 0 0.0545 -0.01635 -0.01635 0 0 0 0 0 0 0 0 0 0 0
546 0.0546 -0.01638 -0.01638 0 0 0 1092 -3.73687e-13 -3.73687e-13 0 0 0 0.0546 -0.01638 -0.01638 0 0 0 0 0 0 0 0 0 0 0
547 0.0547 -0.01641 -0.01641 0 0 0 1094 -4.17007e-13 -4.17007e-13 0 0 0 0.0547 -0.01641 -0.01641 0 0 0 0 0 0 0 0 0 0 0
548 0.0548 -0.01644 -0.01644 0 0 0 1096 -1.29669e-13 -1.29669e-13 0 0 0 0.0548 -0.01644 -0.01644 0 0 0 0 0 0 0 0 0 0 0
549 0.0549 -0.01647 -0.01647 0 0 0 1098 4.63374e-13 4.63374e-13 0 0 0 0.0549 -0.01647 -0.01647 0 0 0 0 0 0 0 0 0 0 0
550 0.055 -0.0165 -0.0165 0 0 0 1100 5.01852e-13 5.01852e-13 0 0 0 0.055 -0.0165 -0.0165 0 0 0 0 0 0 0 0 0 0 0
551 0.0551 -0.01653 -0.01653 0 0 0 1102 9.59845e-14 9.59845e-14 0 0 0 0.0551 -0.01653 -0.01653 0 0 0 0 0 0 0 0 0 0 0
552 0.0552 -0.01656 -0.01656 0 0 0 1104 -3.34837e-13 -3.34837e-13 0 0 0 0.0552 -0.01656 -0.01656 0 0 0 0 0 0 0 0 0 0 0
553 0.0553 -0.01659 -0.01659 0 0 0 1106 -4.63423e-13 -4.63423e-13 0 0 0 0.0553 -0.01659 -0.01659 0 0 0 0 0 0 0 0 0 0 0
554 0.0554 -0.01662 -0.01662 0 0 0 1108 -6.23971e-14 -6.23971e-14 0 0 0 0.0554 -0.01662 -0.01662 0 0 0 0 0 0 0 0 0 0 0
555 0.0555 -0.01665 -0.01665 0 0 0 1110 2.24941e-13 2.24941e-13 0 0 0 0.0555 -0.01665 -0.01665 0 0 0 0 0 0 0 0 0 0 0
556 0.0556 -0.01668 -0.01668 0 0 0 1112 3.45217e-13 3.45217e-13 0 0 0 0.0556 -0.01668 -0.01668 0 0 0 0 0 0 0 0 0 0 0
557 0.0557 -0.01671 -0.01671 0 0 0 1114 1.34834e-13 1.34834e-13 0 0 0 0.0557 -0.01671 -0.01671 0 0 0 0 0 0 0 0 0 0 0
558 0.0558 -0.01674 -0.01674 0 0 0 1116 -7.55487e-14 -7.55487e-14 0 0 0 0.0558 -0.01674 -0.01674 0 0 0 0 0 0 0 0 0 0 0
559 0.0559 -0.01677 -0.01677 0 0 0 1118 -2.85932e-13 -2.85932e-13 0 0 0 0.0559 -0.01677 -0.01677 0 0 0 0 0 0 0 0 0 0 0
560 0.056 -0.0168 -0.0168 0 0 0 1120 -2.19032e-13 -2.19032e-13 0 0 0 0.056 -0.0168 -0.0168 0 0 0 0 0 0 0 0 0 0 0
561 0.0561 -0.01683 -0.01683 0 0 0 1122 1.2515e-13 1.2515e-13 0 0 0 0.0561 -0.01683 -0.01683 0 0 0 0 0 0 0 0 0 0 0
562 0.0562 -0.01686 -0.01686 0 0 0 1124 1.35206e-13 1.35206e-13 0 0 0 0.0562 -0.01686 -0.01686 0 0 0 0 0 0 0 0 0 0 0
563 0.0563 -0.01689 -0.01689 0 0 0 1126 2.02106e-13 2.02106e-13 0 0 0 0.0563 -0.01689 -0.01689 0 0 0 0 0 0 0 0 0 0 0
564 0.0564 -0.01692 -0.01692 0 0 0 1128 -8.27729e-15 -8.27729e-15 0 0 0 0.0564 -0.01692 -0.01692 0 0 0 0 0 0 0 0 0 0 0
565 0.0565 -0.01695 -0.01695 0 0 0 1130 -1.65284e-13 -1.65284e-13 0 0 0 0.0565 -0.01695 -0.01695 0 0 0 0 0 0 0 0 0 0 0
566 0.0566 -0.01698 -0.01698 0 0 0 1132 -9.83846e-14 -9.83846e-14 0 0 0 0.0566 -0.01698 -0.01698 0 0 0 0 0 0 0 0 0 0 0
567 0.0567 -0.01701 -0.01701 0 0 0 1134 1.92421e-13 1.92421e-13 0 0 0 0.0567 -0.01701 -0.01701 0 0 0 0 0 0 0 0 0 0 0
568 0.0568 -0.01704 -0.01704 0 0 0 1136 1.45634e-13 1.45634e-13 0 0 0 0.0568 -0.01704 -0.01704 0 0 0 0 0 0 0 0 0 0 0
569 0.0569 -0.01707 -0.01707 0 0 0 1138 -1.21592e-13 -1.21592e-13 0 0 0 0.0569 -0.01707 -0.01707 0 0 0 0 0 0 0 0 0 0 0
570 0.057 -0.0171 -0.0171 0 0 0 1140 -5.46927e-14 -5.46927e-14 0 0 0 0.057 -0.0171 -0.0171 0 0 0 0 0 0 0 0 0 0 0
571 0.0571 -0.01713 -0.01713 0 0 0 1142 -4.46366e-14 -4.46366e-14 0 0 0 0.0571 -0.01713 -0.01713 0 0 0 0 0 0 0 0 0 0 0
572 0.0572 -0.01716 -0.01716 0 0 0 1144 7.91064e-14 7.91064e-14 0 0 0 0.0572 -0.01716 -0.01716 0 0 0 0 0 0 0 0 0 0 0
573 0.0573 -0.01719 -0.01719 0 0 0 1146 8.91625e-14 8.91625e-14 0 0 0 0.0573 -0.01719 -0.01719 0 0 0 0 0 0 0 0 0 0 0
574 0.0574 -0.01722 -0.01722 0 0 0 1148 -1.10009e-14 -1.10009e-14 0 0 0 0.0574 -0.01722 -0.01722 0 0 0 0 0 0 0 0 0 0 0
575 0.0575 -0.01725 -0.01725 0 0 0 1150 5.58987e-14 5.58987e-14 0 0 0 0.0575 -0.01725 -0.01725 0 0 0 0 0 0 0 0 0 0 0
576 0.0576 -0.01728 -0.01728 0 0 0 1152 1.25787e-14 1.25787e-14 0 0 0 0.0576 -0.01728 -0.01728 0 0 0 0 0 0 0 0 0 0 0
577 0.0577 -0.01731 -0.01731 0 0 0 1154 -3.07413e-14 -3.07413e-14 0 0 0 0.0577 -0.01731 -0.01731 0 0 0 0 0 0 0 0 0 0 0
578 0.0578 -0.01734 -0.01734 0 0 0 1156 -2.06852e-14 -2.06852e-14 0 0 0 0.0578 -0.01734 -0.01734 0 0 0 0 0 0 0 0 0 0 0
579 0.0579 -0.01737 -0.01737 0 0 0 1158 4.62144e-14 4.62144e-14 0 0 0 0.0579 -0.01737 -0.01737 0 0 0 0 0 0 0 0 0 0 0
580 0.058 -0.0174 -0.0174 0 0 0 1160 5.62705e-14 5.62705e-14 0 0 0 0.058 -0.0174 -0.0174 0 0 0 0 0 0 0 0 0 0 0
581 0.0581 -0.01743 -0.01743 0 0 0 1162 1.29506e-14 1.29506e-14 0 0 0 0.0581 -0.01743 -0.01743 0 0 0 0 0 0 0 0 0 0 0
582 0.0582 -0.01746 -0.01746 0 0 0 1164 -3.38367e-14 -3.38367e-14 0 0 0 0.0582 -0.01746 -0.01746 0 0 0 0 0 0 0 0 0 0 0
583 0.0583 -0.01749 -0.01749 0 0 0 1166 8.99062e-14 8.99062e-14 0 0 0 0.0583 -0.01749 -0.01749 0 0 0 0 0 0 0 0 0 0 0
584 0.0584 -0.01752 -0.01752 0 0 0 1168 4.65863e-14 4.65863e-14 0 0 0 0.0584 -0.01752 -0.01752 0 0 0 0 0 0 0 0 0 0 0
585 0.0585 -0.01755 -0.01755 0 0 0 1170 -1.67264e-13 -1.67264e-13 0 0 0 0.0585 -0.01755 -0.01755 0 0 0 0 0 0 0 0 0 0 0
586 0.0586 -0.01758 -0.01758 0 0 0 1172 -4.3521e-14 -4.3521e-14 0 0 0 0.0586 -0.01758 -0.01758 0 0 0 0 0 0 0 0 0 0 0
587 0.0587 -0.01761 -0.01761 0 0 0 1174 7.67547e-14 7.67547e-14 0 0 0 0.0587 -0.01761 -0.01761 0 0 0 0 0 0 0 0 0 0 0
588 0.0588 -0.01764 -0.01764 0 0 0 1176 2.00498e-13 2.00498e-13 0 0 0 0.0588 -0.01764 -0.01764 0 0 0 0 0 0 0 0 0 0 0
589 0.0589 -0.01767 -0.01767 0 0 0 1178 -9.8853e-15 -9.8853e-15 0 0 0 0.0589 -0.01767 -0.01767 0 0 0 0 0 0 0 0 0 0 0
590 0.059 -0.0177 -0.0177 0 0 0 1180 -1.66892e-13 -1.66892e-13 0 0 0 0.059 -0.0177 -0.0177 0 0 0 0 0 0 0 0 0 0 0
591 0.0591 -0.01773 -0.01773 0 0 0 1182 -9.99926e-14 -9.99926e-14 0 0 0 0.0591 -0.01773 -0.01773 0 0 0 0 0 0 0 0 0 0 0
592 0.0592 -0.01776 -0.01776 0 0 0 1184 2.02831e-14 2.02831e-14 0 0 0 0.0592 -0.01776 -0.01776 0 0 0 0 0 0 0 0 0 0 0
593 0.0593 -0.01779 -0.01779 0 0 0 1186 1.44026e-13 1.44026e-13 0 0 0 0.0593 -0.01779 -0.01779 0 0 0 0 0 0 0 0 0 0 0
594 0.0594 -0.01782 -0.01782 0 0 0 1188 9.72388e-14 9.72388e-14 0 0 0 0.0594 -0.01782 -0.01782 0 0 0 0 0 0 0 0 0 0 0
595 0.0595 -0.01785 -0.01785 0 0 0 1190 5.39188e-14 5.39188e-14 0 0 0 0.0595 -0.01785 -0.01785 0 0 0 0 0 0 0 0 0 0 0
596 0.0596 -0.01788 -0.01788 0 0 0 1192 -4.62446e-14 -4.62446e-14 0 0 0 0.0596 -0.01788 -0.01788 0 0 0 0 0 0 0 0 0 0 0
597 0.0597 -0.01791 -0.01791 0 0 0 1194 2.0655e-14 2.0655e-14 0 0 0 0.0597 -0.01791 -0.01791 0 0 0 0 0 0 0 0 0 0 0
598 0.0598 -0.01794 -0.01794 0 0 0 1196 -2.2665e-14 -2.2665e-14 0 0 0 0.0598 -0.01794 -0.01794 0 0 0 0 0 0 0 0 0 0 0
599 0.0599 -0.01797 -0.01797 0 0 0 1198 -1.26089e-14 -1.26089e-14 0 0 0 0.0599 -0.01797 -0.01797 0 0 0 0 0 0 0 0 0 0 0
600 0.06 -0.018 -0.018 0 0 0 1200 -5.59289e-14 -5.59289e-14 0 0 0 0.06 -0.018 -0.018 0 0 0 0 0 0 0 0 0 0 0
