# first column: time
# 2 column: 1th component of the strain (EXX)
# 3 column: 2th component of the strain (EYY)
# 4 column: 3th component of the strain (EZZ)
# 5 column: 4th component of the strain (EXY)
# 6 column: 5th component of the strain (EXZ)
# 7 column: 6th component of the strain (EYZ)
# 8 column: 1th component of the stress (SXX)
# 9 column: 2th component of the stress (SYY)
# 10 column: 3th component of the stress (SZZ)
# 11 column: 4th component of the stress (SXY)
# 12 column: 5th component of the stress (SXZ)
# 13 column: 6th component of the stress (SYZ)
# 14 column: first component of internal variable 'ElasticStrain' (ElasticStrainXX)
# 15 column: second component of internal variable 'ElasticStrain' (ElasticStrainYY)
# 16 column: third component of internal variable 'ElasticStrain' (ElasticStrainZZ)
# 17 column: fourth component of internal variable 'ElasticStrain' (ElasticStrainXY)
# 18 column: fifth component of internal variable 'ElasticStrain' (ElasticStrainXZ)
# 19 column: sixth component of internal variable 'ElasticStrain' (ElasticStrainYZ)
# 20 column: p
# 21 column: first component of internal variable 'a[0]' (a[0]XX)
# 22 column: second component of internal variable 'a[0]' (a[0]YY)
# 23 column: third component of internal variable 'a[0]' (a[0]ZZ)
# 24 column: fourth component of internal variable 'a[0]' (a[0]XY)
# 25 column: fifth component of internal variable 'a[0]' (a[0]XZ)
# 26 column: sixth component of internal variable 'a[0]' (a[0]YZ)
# 27 column: first component of internal variable 'a[1]' (a[1]XX)
# 28 column: second component of internal variable 'a[1]' (a[1]YY)
# 29 column: third component of internal variable 'a[1]' (a[1]ZZ)
# 30 column: fourth component of internal variable 'a[1]' (a[1]XY)
# 31 column: fifth component of internal variable 'a[1]' (a[1]XZ)
# 32 column: sixth component of internal variable 'a[1]' (a[1]YZ)
# 33 column: stored energy
# 34 column: disspated energy
0 0 0 0 0 0 0 0 0 0 0 0 0 0 0 0 0 0 0 0 0 0 0 0 0 0 0 0 0 0 0 0 0 0
1 0.000133333 -4e-05 -4e-05 0 0 0 2.66667 2.08502e-11 2.08501e-11 0 0 0 0.000133333 -4e-05 -4e-05 0 0 0 0 0 0 0 0 0 0 0 0 0 0 0 0 0 0
2 0.000266667 -8e-05 -8e-05 0 0 0 5.33333 2.08498e-11 2.08498e-11 0 0 0 0.000266667 -8e-05 -8e-05 0 0 0 0 0 0 0 0 0 0 0 0 0 0 0 0 0 0
3 0.0004 -0.00012 -0.00012 0 0 0 8 -9.45802e-16 -9.45802e-16 0 0 0 0.0004 -0.00012 -0.00012 0 0 0 0 0 0 0 0 0 0 0 0 0 0 0 0 0 0
4 0.000533333 -0.00016 -0.00016 0 0 0 10.6667 -2.08504e-11 -2.08504e-11 0 0 0 0.000533333 -0.00016 -0.00016 0 0 0 0 0 0 0 0 0 0 0 0 0 0 0 0 0 0
5 0.000666667 -0.0002 -0.0002 0 0 0 13.3333 -2.08496e-11 -2.08496e-11 0 0 0 0.000666667 -0.0002 -0.0002 0 0 0 0 0 0 0 0 0 0 0 0 0 0 0 0 0 0
6 0.0008 -0.00024 -0.00024 0 0 0 16 7.18755e-16 7.18755e-16 0 0 0 0.0008 -0.00024 -0.00024 0 0 0 0 0 0 0 0 0 0 0 0 0 0 0 0 0 0
7 0.000933333 -0.00028 -0.00028 0 0 0 18.6667 2.08511e-11 2.08511e-11 0 0 0 0.000933333 -0.00028 -0.00028 0 0 0 0 0 0 0 0 0 0 0 0 0 0 0 0 0 0
8 0.00106667 -0.00032 -0.00032 0 0 0 21.3333 2.08536e-11 2.08536e-11 0 0 0 0.00106667 -0.00032 -0.00032 0 0 0 0 0 0 0 0 0 0 0 0 0 0 0 0 0 0
9 0.0012 -0.00036 -0.00036 0 0 0 24 2.60536e-15 2.60536e-15 0 0 0 0.0012 -0.00036 -0.00036 0 0 0 0 0 0 0 0 0 0 0 0 0 0 0 0 0 0
10 0.00133333 -0.0004 -0.0004 0 0 0 26.6667 -2.08527e-11 -2.08527e-11 0 0 0 0.00133333 -0.0004 -0.0004 0 0 0 0 0 0 0 0 0 0 0 0 0 0 0 0 0 0
11 0.00146667 -0.00044 -0.00044 0 0 0 29.3333 -2.08528e-11 -2.08528e-11 0 0 0 0.00146667 -0.00044 -0.00044 0 0 0 0 0 0 0 0 0 0 0 0 0 0 0 0 0 0
12 0.0016 -0.00048 -0.00048 0 0 0 32 1.43751e-15 1.43751e-15 0 0 0 0.0016 -0.00048 -0.00048 0 0 0 0 0 0 0 0 0 0 0 0 0 0 0 0 0 0
13 0.00173333 -0.00052 -0.00052 0 0 0 34.6667 2.0847e-11 2.0847e-11 0 0 0 0.00173333 -0.00052 -0.00052 0 0 0 0 0 0 0 0 0 0 0 0 0 0 0 0 0 0
14 0.00186667 -0.00056 -0.00056 0 0 0 37.3333 2.08478e-11 2.08478e-11 0 0 0 0.00186667 -0.00056 -0.00056 0 0 0 0 0 0 0 0 0 0 0 0 0 0 0 0 0 0
15 0.002 -0.0006 -0.0006 0 0 0 40 2.88002e-15 2.88002e-15 0 0 0 0.002 -0.0006 -0.0006 0 0 0 0 0 0 0 0 0 0 0 0 0 0 0 0 0 0
16 0.00213333 -0.00064 -0.00064 0 0 0 42.6667 -2.08401e-11 -2.08401e-11 0 0 0 0.00213333 -0.00064 -0.00064 0 0 0 0 0 0 0 0 0 0 0 0 0 0 0 0 0 0
17 0.00226667 -0.00068 -0.00068 0 0 0 45.3333 -2.08462e-11 -2.08462e-11 0 0 0 0.00226667 -0.00068 -0.00068 0 0 0 0 0 0 0 0 0 0 0 0 0 0 0 0 0 0
18 0.0024 -0.00072 -0.00072 0 0 0 48 -6.68202e-15 -6.68202e-15 0 0 0 0.0024 -0.00072 -0.00072 0 0 0 0 0 0 0 0 0 0 0 0 0 0 0 0 0 0
19 0.00253333 -0.00076 -0.00076 0 0 0 50.6667 2.08451e-11 2.08451e-11 0 0 0 0.00253333 -0.00076 -0.00076 0 0 0 0 0 0 0 0 0 0 0 0 0 0 0 0 0 0
20 0.00266667 -0.0008 -0.0008 0 0 0 53.3333 2.08441e-11 2.08441e-11 0 0 0 0.00266667 -0.0008 -0.0008 0 0 0 0 0 0 0 0 0 0 0 0 0 0 0 0 0 0
21 0.0028 -0.00084 -0.00084 0 0 0 56 2.7541e-15 2.7541e-15 0 0 0 0.0028 -0.00084 -0.00084 0 0 0 0 0 0 0 0 0 0 0 0 0 0 0 0 0 0
22 0.00293333 -0.00088 -0.00088 0 0 0 58.6667 -2.08405e-11 -2.08405e-11 0 0 0 0.00293333 -0.00088 -0.00088 0 0 0 0 0 0 0 0 0 0 0 0 0 0 0 0 0 0
23 0.00306667 -0.00092 -0.00092 0 0 0 61.3333 -2.08431e-11 -2.08431e-11 0 0 0 0.00306667 -0.00092 -0.00092 0 0 0 0 0 0 0 0 0 0 0 0 0 0 0 0 0 0
24 0.0032 -0.00096 -0.00096 0 0 0 64 -2.75732e-17 -2.75732e-17 0 0 0 0.0032 -0.00096 -0.00096 0 0 0 0 0 0 0 0 0 0 0 0 0 0 0 0 0 0
25 0.00333333 -0.001 -0.001 0 0 0 66.6667 2.08396e-11 2.08396e-11 0 0 0 0.00333333 -0.001 -0.001 0 0 0 0 0 0 0 0 0 0 0 0 0 0 0 0 0 0
26 0.00346667 -0.00104 -0.00104 0 0 0 69.3333 2.08249e-11 2.08249e-11 0 0 0 0.00346667 -0.00104 -0.00104 0 0 0 0 0 0 0 0 0 0 0 0 0 0 0 0 0 0
27 0.0036 -0.00108 -0.00108 0 0 0 72 -1.48103e-14 -1.48103e-14 0 0 0 0.0036 -0.00108 -0.00108 0 0 0 0 0 0 0 0 0 0 0 0 0 0 0 0 0 0
28 0.00373333 -0.00112 -0.00112 0 0 0 74.6667 -2.08372e-11 -2.08372e-11 0 0 0 0.00373333 -0.00112 -0.00112 0 0 0 0 0 0 0 0 0 0 0 0 0 0 0 0 0 0
29 0.00386667 -0.00116 -0.00116 0 0 0 77.3333 -2.08244e-11 -2.08244e-11 0 0 0 0.00386667 -0.00116 -0.00116 0 0 0 0 0 0 0 0 0 0 0 0 0 0 0 0 0 0
30 0.004 -0.0012 -0.0012 0 0 0 80 1.35156e-14 1.35156e-14 0 0 0 0.004 -0.0012 -0.0012 0 0 0 0 0 0 0 0 0 0 0 0 0 0 0 0 0 0
31 0.00413333 -0.00124 -0.00124 0 0 0 82.6667 2.08305e-11 2.08305e-11 0 0 0 0.00413333 -0.00124 -0.00124 0 0 0 0 0 0 0 0 0 0 0 0 0 0 0 0 0 0
32 0.00426667 -0.00128 -0.00128 0 0 0 85.3333 2.08122e-11 2.08122e-11 0 0 0 0.00426667 -0.00128 -0.00128 0 0 0 0 0 0 0 0 0 0 0 0 0 0 0 0 0 0
33 0.0044 -0.00132 -0.00132 0 0 0 88 -1.72544e-14 -1.72544e-14 0 0 0 0.0044 -0.00132 -0.00132 0 0 0 0 0 0 0 0 0 0 0 0 0 0 0 0 0 0
34 0.00453333 -0.00136 -0.00136 0 0 0 90.6667 -2.08258e-11 -2.08258e-11 0 0 0 0.00453333 -0.00136 -0.00136 0 0 0 0 0 0 0 0 0 0 0 0 0 0 0 0 0 0
35 0.00466667 -0.0014 -0.0014 0 0 0 93.3333 -2.08095e-11 -2.08095e-11 0 0 0 0.00466667 -0.0014 -0.0014 0 0 0 0 0 0 0 0 0 0 0 0 0 0 0 0 0 0
36 0.0048 -0.00144 -0.00144 0 0 0 96 1.08548e-14 1.08548e-14 0 0 0 0.0048 -0.00144 -0.00144 0 0 0 0 0 0 0 0 0 0 0 0 0 0 0 0 0 0
37 0.00493333 -0.00148 -0.00148 0 0 0 98.6667 2.08279e-11 2.08279e-11 0 0 0 0.00493333 -0.00148 -0.00148 0 0 0 0 0 0 0 0 0 0 0 0 0 0 0 0 0 0
38 0.00506667 -0.00152 -0.00152 0 0 0 101.333 2.08164e-11 2.08164e-11 0 0 0 0.00506667 -0.00152 -0.00152 0 0 0 0 0 0 0 0 0 0 0 0 0 0 0 0 0 0
39 0.0052 -0.00156 -0.00156 0 0 0 104 -9.4737e-15 -9.4737e-15 0 0 0 0.0052 -0.00156 -0.00156 0 0 0 0 0 0 0 0 0 0 0 0 0 0 0 0 0 0
40 0.00533333 -0.0016 -0.0016 0 0 0 106.667 -2.08214e-11 -2.08214e-11 0 0 0 0.00533333 -0.0016 -0.0016 0 0 0 0 0 0 0 0 0 0 0 0 0 0 0 0 0 0
41 0.00546667 -0.00164 -0.00164 0 0 0 109.333 -2.08262e-11 -2.08262e-11 0 0 0 0.00546667 -0.00164 -0.00164 0 0 0 0 0 0 0 0 0 0 0 0 0 0 0 0 0 0
42 0.0056 -0.00168 -0.00168 0 0 0 112 4.42466e-15 4.42466e-15 0 0 0 0.0056 -0.00168 -0.00168 0 0 0 0 0 0 0 0 0 0 0 0 0 0 0 0 0 0
43 0.00573333 -0.00172 -0.00172 0 0 0 114.667 2.08354e-11 2.08354e-11 0 0 0 0.00573333 -0.00172 -0.00172 0 0 0 0 0 0 0 0 0 0 0 0 0 0 0 0 0 0
44 0.00586667 -0.00176 -0.00176 0 0 0 117.333 2.08275e-11 2.08275e-11 0 0 0 0.00586667 -0.00176 -0.00176 0 0 0 0 0 0 0 0 0 0 0 0 0 0 0 0 0 0
45 0.006 -0.0018 -0.0018 0 0 0 120 -1.94566e-14 -1.94566e-14 0 0 0 0.006 -0.0018 -0.0018 0 0 0 0 0 0 0 0 0 0 0 0 0 0 0 0 0 0
46 0.00613333 -0.00184 -0.00184 0 0 0 122.667 -2.08278e-11 -2.08278e-11 0 0 0 0.00613333 -0.00184 -0.00184 0 0 0 0 0 0 0 0 0 0 0 0 0 0 0 0 0 0
47 0.00626667 -0.00188 -0.00188 0 0 0 125.333 -2.0829e-11 -2.0829e-11 0 0 0 0.00626667 -0.00188 -0.00188 0 0 0 0 0 0 0 0 0 0 0 0 0 0 0 0 0 0
48 0.0064 -0.00192 -0.00192 0 0 0 128 5.31663e-15 5.31663e-15 0 0 0 0.0064 -0.00192 -0.00192 0 0 0 0 0 0 0 0 0 0 0 0 0 0 0 0 0 0
49 0.00653333 -0.00196 -0.00196 0 0 0 130.667 2.08257e-11 2.08257e-11 0 0 0 0.00653333 -0.00196 -0.00196 0 0 0 0 0 0 0 0 0 0 0 0 0 0 0 0 0 0
50 0.00666667 -0.002 -0.002 0 0 0 133.333 2.0804e-11 2.0804e-11 0 0 0 0.00666667 -0.002 -0.002 0 0 0 0 0 0 0 0 0 0 0 0 0 0 0 0 0 0
51 0.0068 -0.00204 -0.00204 0 0 0 136 -2.54533e-14 -2.54533e-14 0 0 0 0.0068 -0.00204 -0.00204 0 0 0 0 0 0 0 0 0 0 0 0 0 0 0 0 0 0
52 0.00693333 -0.00208 -0.00208 0 0 0 138.667 -2.08202e-11 -2.08202e-11 0 0 0 0.00693333 -0.00208 -0.00208 0 0 0 0 0 0 0 0 0 0 0 0 0 0 0 0 0 0
53 0.00706667 -0.00212 -0.00212 0 0 0 141.333 -2.0797e-11 -2.0797e-11 0 0 0 0.00706667 -0.00212 -0.00212 0 0 0 0 0 0 0 0 0 0 0 0 0 0 0 0 0 0
54 0.0072 -0.00216 -0.00216 0 0 0 144 3.75329e-14 3.75329e-14 0 0 0 0.0072 -0.00216 -0.00216 0 0 0 0 0 0 0 0 0 0 0 0 0 0 0 0 0 0
55 0.00733333 -0.0022 -0.0022 0 0 0 146.667 2.08161e-11 2.08161e-11 0 0 0 0.00733333 -0.0022 -0.0022 0 0 0 0 0 0 0 0 0 0 0 0 0 0 0 0 0 0
56 0.00746667 -0.00224 -0.00224 0 0 0 149.333 2.07909e-11 2.07909e-11 0 0 0 0.00746667 -0.00224 -0.00224 0 0 0 0 0 0 0 0 0 0 0 0 0 0 0 0 0 0
57 0.0076 -0.00228 -0.00228 0 0 0 152 -2.47781e-14 -2.47781e-14 0 0 0 0.0076 -0.00228 -0.00228 0 0 0 0 0 0 0 0 0 0 0 0 0 0 0 0 0 0
58 0.00773333 -0.00232 -0.00232 0 0 0 154.667 -2.08196e-11 -2.08196e-11 0 0 0 0.00773333 -0.00232 -0.00232 0 0 0 0 0 0 0 0 0 0 0 0 0 0 0 0 0 0
59 0.00786667 -0.00236 -0.00236 0 0 0 157.333 -2.07892e-11 -2.07892e-11 0 0 0 0.00786667 -0.00236 -0.00236 0 0 0 0 0 0 0 0 0 0 0 0 0 0 0 0 0 0
60 0.008 -0.0024 -0.0024 0 0 0 160 3.15361e-14 3.15361e-14 0 0 0 0.008 -0.0024 -0.0024 0 0 0 0 0 0 0 0 0 0 0 0 0 0 0 0 0 0
61 0.00813333 -0.00244 -0.00244 0 0 0 162.667 2.08172e-11 2.08172e-11 0 0 0 0.00813333 -0.00244 -0.00244 0 0 0 0 0 0 0 0 0 0 0 0 0 0 0 0 0 0
62 0.00826667 -0.00248 -0.00248 0 0 0 165.333 2.07711e-11 2.07711e-11 0 0 0 0.00826667 -0.00248 -0.00248 0 0 0 0 0 0 0 0 0 0 0 0 0 0 0 0 0 0
63 0.0084 -0.00252 -0.00252 0 0 0 168 -2.36694e-14 -2.36694e-14 0 0 0 0.0084 -0.00252 -0.00252 0 0 0 0 0 0 0 0 0 0 0 0 0 0 0 0 0 0
64 0.00853333 -0.00256 -0.00256 0 0 0 170.667 -2.08185e-11 -2.08185e-11 0 0 0 0.00853333 -0.00256 -0.00256 0 0 0 0 0 0 0 0 0 0 0 0 0 0 0 0 0 0
65 0.00866667 -0.0026 -0.0026 0 0 0 173.333 -2.07815e-11 -2.07815e-11 0 0 0 0.00866667 -0.0026 -0.0026 0 0 0 0 0 0 0 0 0 0 0 0 0 0 0 0 0 0
66 0.0088 -0.00264 -0.00264 0 0 0 176 2.46725e-14 2.46725e-14 0 0 0 0.0088 -0.00264 -0.00264 0 0 0 0 0 0 0 0 0 0 0 0 0 0 0 0 0 0
67 0.00893333 -0.00268 -0.00268 0 0 0 178.667 2.08179e-11 2.08179e-11 0 0 0 0.00893333 -0.00268 -0.00268 0 0 0 0 0 0 0 0 0 0 0 0 0 0 0 0 0 0
68 0.00906667 -0.00272 -0.00272 0 0 0 181.333 2.07785e-11 2.07785e-11 0 0 0 0.00906667 -0.00272 -0.00272 0 0 0 0 0 0 0 0 0 0 0 0 0 0 0 0 0 0
69 0.0092 -0.00276 -0.00276 0 0 0 184 -3.67716e-14 -3.67716e-14 0 0 0 0.0092 -0.00276 -0.00276 0 0 0 0 0 0 0 0 0 0 0 0 0 0 0 0 0 0
70 0.00933333 -0.0028 -0.0028 0 0 0 186.667 -2.0832e-11 -2.0832e-11 0 0 0 0.00933333 -0.0028 -0.0028 0 0 0 0 0 0 0 0 0 0 0 0 0 0 0 0 0 0
71 0.00946667 -0.00284 -0.00284 0 0 0 189.333 -2.07737e-11 -2.07737e-11 0 0 0 0.00946667 -0.00284 -0.00284 0 0 0 0 0 0 0 0 0 0 0 0 0 0 0 0 0 0
72 0.0096 -0.00288 -0.00288 0 0 0 192 5.33361e-14 5.33361e-14 0 0 0 0.0096 -0.00288 -0.00288 0 0 0 0 0 0 0 0 0 0 0 0 0 0 0 0 0 0
73 0.00973333 -0.00292 -0.00292 0 0 0 194.667 2.08395e-11 2.08395e-11 0 0 0 0.00973333 -0.00292 -0.00292 0 0 0 0 0 0 0 0 0 0 0 0 0 0 0 0 0 0
74 0.00986667 -0.00296 -0.00296 0 0 0 197.333 2.07863e-11 2.07863e-11 0 0 0 0.00986667 -0.00296 -0.00296 0 0 0 0 0 0 0 0 0 0 0 0 0 0 0 0 0 0
75 0.01 -0.003 -0.003 0 0 0 200 -5.69792e-14 -5.69792e-14 0 0 0 0.01 -0.003 -0.003 0 0 0 0 0 0 0 0 0 0 0 0 0 0 0 0 0 0
76 0.0101333 -0.00304 -0.00304 0 0 0 202.667 -2.08313e-11 -2.08313e-11 0 0 0 0.0101333 -0.00304 -0.00304 0 0 0 0 0 0 0 0 0 0 0 0 0 0 0 0 0 0
77 0.0102667 -0.00308 -0.00308 0 0 0 205.333 -2.07592e-11 -2.07592e-11 0 0 0 0.0102667 -0.00308 -0.00308 0 0 0 0 0 0 0 0 0 0 0 0 0 0 0 0 0 0
78 0.0104 -0.00312 -0.00312 0 0 0 208 8.91051e-14 8.91051e-14 0 0 0 0.0104 -0.00312 -0.00312 0 0 0 0 0 0 0 0 0 0 0 0 0 0 0 0 0 0
79 0.0105333 -0.00316 -0.00316 0 0 0 210.667 2.08126e-11 2.08126e-11 0 0 0 0.0105333 -0.00316 -0.00316 0 0 0 0 0 0 0 0 0 0 0 0 0 0 0 0 0 0
80 0.0106667 -0.0032 -0.0032 0 0 0 213.333 2.07247e-11 2.07247e-11 0 0 0 0.0106667 -0.0032 -0.0032 0 0 0 0 0 0 0 0 0 0 0 0 0 0 0 0 0 0
81 0.0108 -0.00324 -0.00324 0 0 0 216 -9.05309e-14 -9.05309e-14 0 0 0 0.0108 -0.00324 -0.00324 0 0 0 0 0 0 0 0 0 0 0 0 0 0 0 0 0 0
82 0.0109333 -0.00328 -0.00328 0 0 0 218.667 -2.08235e-11 -2.08235e-11 0 0 0 0.0109333 -0.00328 -0.00328 0 0 0 0 0 0 0 0 0 0 0 0 0 0 0 0 0 0
83 0.0110667 -0.00332 -0.00332 0 0 0 221.333 -2.07172e-11 -2.07172e-11 0 0 0 0.0110667 -0.00332 -0.00332 0 0 0 0 0 0 0 0 0 0 0 0 0 0 0 0 0 0
84 0.0112 -0.00336 -0.00336 0 0 0 224 1.03558e-13 1.03558e-13 0 0 0 0.0112 -0.00336 -0.00336 0 0 0 0 0 0 0 0 0 0 0 0 0 0 0 0 0 0
85 0.0113333 -0.0034 -0.0034 0 0 0 226.667 2.0827e-11 2.0827e-11 0 0 0 0.0113333 -0.0034 -0.0034 0 0 0 0 0 0 0 0 0 0 0 0 0 0 0 0 0 0
86 0.0114667 -0.00344 -0.00344 0 0 0 229.333 2.06978e-11 2.06978e-11 0 0 0 0.0114667 -0.00344 -0.00344 0 0 0 0 0 0 0 0 0 0 0 0 0 0 0 0 0 0
87 0.0116 -0.00348 -0.00348 0 0 0 232 -1.32055e-13 -1.32055e-13 0 0 0 0.0116 -0.00348 -0.00348 0 0 0 0 0 0 0 0 0 0 0 0 0 0 0 0 0 0
88 0.0117333 -0.00352 -0.00352 0 0 0 234.667 -2.08158e-11 -2.08158e-11 0 0 0 0.0117333 -0.00352 -0.00352 0 0 0 0 0 0 0 0 0 0 0 0 0 0 0 0 0 0
89 0.0118667 -0.00356 -0.00356 0 0 0 237.333 -2.0689e-11 -2.0689e-11 0 0 0 0.0118667 -0.00356 -0.00356 0 0 0 0 0 0 0 0 0 0 0 0 0 0 0 0 0 0
90 0.012 -0.0036 -0.0036 0 0 0 240 1.53104e-13 1.53104e-13 0 0 0 0.012 -0.0036 -0.0036 0 0 0 0 0 0 0 0 0 0 0 0 0 0 0 0 0 0
91 0.0121333 -0.00364 -0.00364 0 0 0 242.667 2.08139e-11 2.08139e-11 0 0 0 0.0121333 -0.00364 -0.00364 0 0 0 0 0 0 0 0 0 0 0 0 0 0 0 0 0 0
92 0.0122667 -0.00368 -0.00368 0 0 0 245.333 2.0643e-11 2.0643e-11 0 0 0 0.0122667 -0.00368 -0.00368 0 0 0 0 0 0 0 0 0 0 0 0 0 0 0 0 0 0
93 0.0124 -0.00372 -0.00372 0 0 0 248 -1.30946e-13 -1.30946e-13 0 0 0 0.0124 -0.00372 -0.00372 0 0 0 0 0 0 0 0 0 0 0 0 0 0 0 0 0 0
94 0.0125333 -0.00376 -0.00376 0 0 0 250.667 -2.07942e-11 -2.07942e-11 0 0 0 0.0125333 -0.00376 -0.00376 0 0 0 0 0 0 0 0 0 0 0 0 0 0 0 0 0 0
95 0.0126667 -0.0038 -0.0038 0 0 0 253.333 -2.06394e-11 -2.06394e-11 0 0 0 0.0126667 -0.0038 -0.0038 0 0 0 0 0 0 0 0 0 0 0 0 0 0 0 0 0 0
96 0.0128 -0.00384 -0.00384 0 0 0 256 1.53779e-13 1.53779e-13 0 0 0 0.0128 -0.00384 -0.00384 0 0 0 0 0 0 0 0 0 0 0 0 0 0 0 0 0 0
97 0.0129333 -0.00388 -0.00388 0 0 0 258.667 2.07728e-11 2.07728e-11 0 0 0 0.0129333 -0.00388 -0.00388 0 0 0 0 0 0 0 0 0 0 0 0 0 0 0 0 0 0
98 0.0130667 -0.00392 -0.00392 0 0 0 261.333 2.06645e-11 2.06645e-11 0 0 0 0.0130667 -0.00392 -0.00392 0 0 0 0 0 0 0 0 0 0 0 0 0 0 0 0 0 0
99 0.0132 -0.00396 -0.00396 0 0 0 264 -1.30271e-13 -1.30271e-13 0 0 0 0.0132 -0.00396 -0.00396 0 0 0 0 0 0 0 0 0 0 0 0 0 0 0 0 0 0
100 0.0133333 -0.004 -0.004 0 0 0 266.667 -2.0766e-11 -2.0766e-11 0 0 0 0.0133333 -0.004 -0.004 0 0 0 0 0 0 0 0 0 0 0 0 0 0 0 0 0 0
101 0.0134667 -0.00404 -0.00404 0 0 0 269.333 -2.06317e-11 -2.06317e-11 0 0 0 0.0134667 -0.00404 -0.00404 0 0 0 0 0 0 0 0 0 0 0 0 0 0 0 0 0 0
102 0.0136 -0.00408 -0.00408 0 0 0 272 1.26033e-13 1.26033e-13 0 0 0 0.0136 -0.00408 -0.00408 0 0 0 0 0 0 0 0 0 0 0 0 0 0 0 0 0 0
103 0.0137333 -0.00412 -0.00412 0 0 0 274.667 2.07806e-11 2.07806e-11 0 0 0 0.0137333 -0.00412 -0.00412 0 0 0 0 0 0 0 0 0 0 0 0 0 0 0 0 0 0
104 0.0138667 -0.00416 -0.00416 0 0 0 277.333 2.06723e-11 2.06723e-11 0 0 0 0.0138667 -0.00416 -0.00416 0 0 0 0 0 0 0 0 0 0 0 0 0 0 0 0 0 0
105 0.014 -0.0042 -0.0042 0 0 0 280 -1.2249e-13 -1.2249e-13 0 0 0 0.014 -0.0042 -0.0042 0 0 0 0 0 0 0 0 0 0 0 0 0 0 0 0 0 0
106 0.0141333 -0.00424 -0.00424 0 0 0 282.667 -2.07786e-11 -2.07786e-11 0 0 0 0.0141333 -0.00424 -0.00424 0 0 0 0 0 0 0 0 0 0 0 0 0 0 0 0 0 0
107 0.0142667 -0.00428 -0.00428 0 0 0 285.333 -2.06861e-11 -2.06861e-11 0 0 0 0.0142667 -0.00428 -0.00428 0 0 0 0 0 0 0 0 0 0 0 0 0 0 0 0 0 0
108 0.0144 -0.00432 -0.00432 0 0 0 288 9.91533e-14 9.91533e-14 0 0 0 0.0144 -0.00432 -0.00432 0 0 0 0 0 0 0 0 0 0 0 0 0 0 0 0 0 0
109 0.0145333 -0.00436 -0.00436 0 0 0 290.667 2.07884e-11 2.07884e-11 0 0 0 0.0145333 -0.00436 -0.00436 0 0 0 0 0 0 0 0 0 0 0 0 0 0 0 0 0 0
110 0.0146667 -0.0044 -0.0044 0 0 0 293.333 2.0673e-11 2.0673e-11 0 0 0 0.0146667 -0.0044 -0.0044 0 0 0 0 0 0 0 0 0 0 0 0 0 0 0 0 0 0
111 0.0148 -0.00444 -0.00444 0 0 0 296 -1.21815e-13 -1.21815e-13 0 0 0 0.0148 -0.00444 -0.00444 0 0 0 0 0 0 0 0 0 0 0 0 0 0 0 0 0 0
112 0.0149333 -0.00448 -0.00448 0 0 0 298.667 -2.0778e-11 -2.0778e-11 0 0 0 0.0149333 -0.00448 -0.00448 0 0 0 0 0 0 0 0 0 0 0 0 0 0 0 0 0 0
113 0.0150667 -0.00452 -0.00452 0 0 0 301.333 -2.06579e-11 -2.06579e-11 0 0 0 0.0150667 -0.00452 -0.00452 0 0 0 0 0 0 0 0 0 0 0 0 0 0 0 0 0 0
114 0.0152 -0.00456 -0.00456 0 0 0 304 1.14039e-13 1.14039e-13 0 0 0 0.0152 -0.00456 -0.00456 0 0 0 0 0 0 0 0 0 0 0 0 0 0 0 0 0 0
115 0.0153333 -0.0046 -0.0046 0 0 0 306.667 2.07749e-11 2.07749e-11 0 0 0 0.0153333 -0.0046 -0.0046 0 0 0 0 0 0 0 0 0 0 0 0 0 0 0 0 0 0
116 0.0154667 -0.00464 -0.00464 0 0 0 309.333 2.06879e-11 2.06879e-11 0 0 0 0.0154667 -0.00464 -0.00464 0 0 0 0 0 0 0 0 0 0 0 0 0 0 0 0 0 0
117 0.0156 -0.00468 -0.00468 0 0 0 312 -1.35351e-13 -1.35351e-13 0 0 0 0.0156 -0.00468 -0.00468 0 0 0 0 0 0 0 0 0 0 0 0 0 0 0 0 0 0
118 0.0157333 -0.00472 -0.00472 0 0 0 314.667 -2.08048e-11 -2.08048e-11 0 0 0 0.0157333 -0.00472 -0.00472 0 0 0 0 0 0 0 0 0 0 0 0 0 0 0 0 0 0
119 0.0158667 -0.00476 -0.00476 0 0 0 317.333 -2.06848e-11 -2.06848e-11 0 0 0 0.0158667 -0.00476 -0.00476 0 0 0 0 0 0 0 0 0 0 0 0 0 0 0 0 0 0
120 0.016 -0.0048 -0.0048 0 0 0 320 1.43136e-13 1.43136e-13 0 0 0 0.016 -0.0048 -0.0048 0 0 0 0 0 0 0 0 0 0 0 0 0 0 0 0 0 0
121 0.0161333 -0.00484 -0.00484 0 0 0 322.667 2.08182e-11 2.08182e-11 0 0 0 0.0161333 -0.00484 -0.00484 0 0 0 0 0 0 0 0 0 0 0 0 0 0 0 0 0 0
122 0.0162667 -0.00488 -0.00488 0 0 0 325.333 2.06894e-11 2.06894e-11 0 0 0 0.0162667 -0.00488 -0.00488 0 0 0 0 0 0 0 0 0 0 0 0 0 0 0 0 0 0
123 0.0164 -0.00492 -0.00492 0 0 0 328 -1.17864e-13 -1.17864e-13 0 0 0 0.0164 -0.00492 -0.00492 0 0 0 0 0 0 0 0 0 0 0 0 0 0 0 0 0 0
124 0.0165333 -0.00496 -0.00496 0 0 0 330.667 -2.08158e-11 -2.08158e-11 0 0 0 0.0165333 -0.00496 -0.00496 0 0 0 0 0 0 0 0 0 0 0 0 0 0 0 0 0 0
125 0.0166667 -0.005 -0.005 0 0 0 333.333 -2.06673e-11 -2.06673e-11 0 0 0 0.0166667 -0.005 -0.005 0 0 0 0 0 0 0 0 0 0 0 0 0 0 0 0 0 0
126 0.0168 -0.00504 -0.00504 0 0 0 336 1.32201e-13 1.32201e-13 0 0 0 0.0168 -0.00504 -0.00504 0 0 0 0 0 0 0 0 0 0 0 0 0 0 0 0 0 0
127 0.0169333 -0.00508 -0.00508 0 0 0 338.667 2.08365e-11 2.08365e-11 0 0 0 0.0169333 -0.00508 -0.00508 0 0 0 0 0 0 0 0 0 0 0 0 0 0 0 0 0 0
128 0.0170667 -0.00512 -0.00512 0 0 0 341.333 2.06936e-11 2.06936e-11 0 0 0 0.0170667 -0.00512 -0.00512 0 0 0 0 0 0 0 0 0 0 0 0 0 0 0 0 0 0
129 0.0172 -0.00516 -0.00516 0 0 0 344 -1.14588e-13 -1.14588e-13 0 0 0 0.0172 -0.00516 -0.00516 0 0 0 0 0 0 0 0 0 0 0 0 0 0 0 0 0 0
130 0.0173333 -0.0052 -0.0052 0 0 0 346.667 -2.08259e-11 -2.08259e-11 0 0 0 0.0173333 -0.0052 -0.0052 0 0 0 0 0 0 0 0 0 0 0 0 0 0 0 0 0 0
131 0.0174667 -0.00524 -0.00524 0 0 0 349.333 -2.07333e-11 -2.07333e-11 0 0 0 0.0174667 -0.00524 -0.00524 0 0 0 0 0 0 0 0 0 0 0 0 0 0 0 0 0 0
132 0.0176 -0.00528 -0.00528 0 0 0 352 8.12341e-14 8.12341e-14 0 0 0 0.0176 -0.00528 -0.00528 0 0 0 0 0 0 0 0 0 0 0 0 0 0 0 0 0 0
133 0.0177333 -0.00532 -0.00532 0 0 0 354.667 2.08256e-11 2.08256e-11 0 0 0 0.0177333 -0.00532 -0.00532 0 0 0 0 0 0 0 0 0 0 0 0 0 0 0 0 0 0
134 0.0178667 -0.00536 -0.00536 0 0 0 357.333 2.07661e-11 2.07661e-11 0 0 0 0.0178667 -0.00536 -0.00536 0 0 0 0 0 0 0 0 0 0 0 0 0 0 0 0 0 0
135 0.018 -0.0054 -0.0054 0 0 0 360 -2.7781e-14 -2.7781e-14 0 0 0 0.018 -0.0054 -0.0054 0 0 0 0 0 0 0 0 0 0 0 0 0 0 0 0 0 0
136 0.0181333 -0.00544 -0.00544 0 0 0 362.667 -2.08359e-11 -2.08359e-11 0 0 0 0.0181333 -0.00544 -0.00544 0 0 0 0 0 0 0 0 0 0 0 0 0 0 0 0 0 0
137 0.0182667 -0.00548 -0.00548 0 0 0 365.333 -2.07567e-11 -2.07567e-11 0 0 0 0.0182667 -0.00548 -0.00548 0 0 0 0 0 0 0 0 0 0 0 0 0 0 0 0 0 0
138 0.0184 -0.00552 -0.00552 0 0 0 368 7.11658e-14 7.11658e-14 0 0 0 0.0184 -0.00552 -0.00552 0 0 0 0 0 0 0 0 0 0 0 0 0 0 0 0 0 0
139 0.0185333 -0.00556 -0.00556 0 0 0 370.667 2.08297e-11 2.08297e-11 0 0 0 0.0185333 -0.00556 -0.00556 0 0 0 0 0 0 0 0 0 0 0 0 0 0 0 0 0 0
140 0.0186667 -0.0056 -0.0056 0 0 0 373.333 2.07152e-11 2.07152e-11 0 0 0 0.0186667 -0.0056 -0.0056 0 0 0 0 0 0 0 0 0 0 0 0 0 0 0 0 0 0
141 0.0188 -0.00564 -0.00564 0 0 0 376 -9.2959e-14 -9.2959e-14 0 0 0 0.0188 -0.00564 -0.00564 0 0 0 0 0 0 0 0 0 0 0 0 0 0 0 0 0 0
142 0.0189333 -0.00568 -0.00568 0 0 0 378.667 -2.08184e-11 -2.08184e-11 0 0 0 0.0189333 -0.00568 -0.00568 0 0 0 0 0 0 0 0 0 0 0 0 0 0 0 0 0 0
143 0.0190667 -0.00572 -0.00572 0 0 0 381.333 -2.07259e-11 -2.07259e-11 0 0 0 0.0190667 -0.00572 -0.00572 0 0 0 0 0 0 0 0 0 0 0 0 0 0 0 0 0 0
144 0.0192 -0.00576 -0.00576 0 0 0 384 1.02863e-13 1.02863e-13 0 0 0 0.0192 -0.00576 -0.00576 0 0 0 0 0 0 0 0 0 0 0 0 0 0 0 0 0 0
145 0.0193333 -0.0058 -0.0058 0 0 0 386.667 2.08197e-11 2.08197e-11 0 0 0 0.0193333 -0.0058 -0.0058 0 0 0 0 0 0 0 0 0 0 0 0 0 0 0 0 0 0
146 0.0194667 -0.00584 -0.00584 0 0 0 389.333 2.07327e-11 2.07327e-11 0 0 0 0.0194667 -0.00584 -0.00584 0 0 0 0 0 0 0 0 0 0 0 0 0 0 0 0 0 0
147 0.0196 -0.00588 -0.00588 0 0 0 392 -8.96833e-14 -8.96833e-14 0 0 0 0.0196 -0.00588 -0.00588 0 0 0 0 0 0 0 0 0 0 0 0 0 0 0 0 0 0
148 0.0197333 -0.00592 -0.00592 0 0 0 394.667 -2.07867e-11 -2.07867e-11 0 0 0 0.0197333 -0.00592 -0.00592 0 0 0 0 0 0 0 0 0 0 0 0 0 0 0 0 0 0
149 0.0198667 -0.00596 -0.00596 0 0 0 397.333 -2.07351e-11 -2.07351e-11 0 0 0 0.0198667 -0.00596 -0.00596 0 0 0 0 0 0 0 0 0 0 0 0 0 0 0 0 0 0
150 0.02 -0.006 -0.006 0 0 0 400 7.85841e-14 7.85841e-14 0 0 0 0.02 -0.006 -0.006 0 0 0 0 0 0 0 0 0 0 0 0 0 0 0 0 0 0
151 0.0198667 -0.00596 -0.00596 0 0 0 397.333 2.54936e-16 2.54936e-16 0 0 0 0.0198667 -0.00596 -0.00596 0 0 0 0 0 0 0 0 0 0 0 0 0 0 0 0 0 0
152 0.0197333 -0.00592 -0.00592 0 0 0 394.667 -1.20707e-13 -1.20707e-13 0 0 0 0.0197333 -0.00592 -0.00592 0 0 0 0 0 0 0 0 0 0 0 0 0 0 0 0 0 0
153 0.0196 -0.00588 -0.00588 0 0 0 392 -1.03027e-13 -1.03027e-13 0 0 0 0.0196 -0.00588 -0.00588 0 0 0 0 0 0 0 0 0 0 0 0 0 0 0 0 0 0
154 0.0194667 -0.00584 -0.00584 0 0 0 389.333 3.90826e-14 3.90826e-14 0 0 0 0.0194667 -0.00584 -0.00584 0 0 0 0 0 0 0 0 0 0 0 0 0 0 0 0 0 0
155 0.0193333 -0.0058 -0.0058 0 0 0 386.667 1.26083e-13 1.26083e-13 0 0 0 0.0193333 -0.0058 -0.0058 0 0 0 0 0 0 0 0 0 0 0 0 0 0 0 0 0 0
156 0.0192 -0.00576 -0.00576 0 0 0 384 1.02863e-13 1.02863e-13 0 0 0 0.0192 -0.00576 -0.00576 0 0 0 0 0 0 0 0 0 0 0 0 0 0 0 0 0 0
157 0.0190667 -0.00572 -0.00572 0 0 0 381.333 -1.72317e-14 -1.72317e-14 0 0 0 0.0190667 -0.00572 -0.00572 0 0 0 0 0 0 0 0 0 0 0 0 0 0 0 0 0 0
158 0.0189333 -0.00568 -0.00568 0 0 0 378.667 -1.24849e-13 -1.24849e-13 0 0 0 0.0189333 -0.00568 -0.00568 0 0 0 0 0 0 0 0 0 0 0 0 0 0 0 0 0 0
159 0.0188 -0.00564 -0.00564 0 0 0 376 -9.2959e-14 -9.2959e-14 0 0 0 0.0188 -0.00564 -0.00564 0 0 0 0 0 0 0 0 0 0 0 0 0 0 0 0 0 0
160 0.0186667 -0.0056 -0.0056 0 0 0 373.333 2.1596e-14 2.1596e-14 0 0 0 0.0186667 -0.0056 -0.0056 0 0 0 0 0 0 0 0 0 0 0 0 0 0 0 0 0 0
161 0.0185333 -0.00556 -0.00556 0 0 0 370.667 1.37018e-13 1.37018e-13 0 0 0 0.0185333 -0.00556 -0.00556 0 0 0 0 0 0 0 0 0 0 0 0 0 0 0 0 0 0
162 0.0184 -0.00552 -0.00552 0 0 0 368 9.87207e-14 9.87207e-14 0 0 0 0.0184 -0.00552 -0.00552 0 0 0 0 0 0 0 0 0 0 0 0 0 0 0 0 0 0
163 0.0182667 -0.00548 -0.00548 0 0 0 365.333 -3.55851e-14 -3.55851e-14 0 0 0 0.0182667 -0.00548 -0.00548 0 0 0 0 0 0 0 0 0 0 0 0 0 0 0 0 0 0
164 0.0181333 -0.00544 -0.00544 0 0 0 362.667 -1.42336e-13 -1.42336e-13 0 0 0 0.0181333 -0.00544 -0.00544 0 0 0 0 0 0 0 0 0 0 0 0 0 0 0 0 0 0
165 0.018 -0.0054 -0.0054 0 0 0 360 -9.62348e-14 -9.62348e-14 0 0 0 0.018 -0.0054 -0.0054 0 0 0 0 0 0 0 0 0 0 0 0 0 0 0 0 0 0
166 0.0178667 -0.00536 -0.00536 0 0 0 357.333 3.16643e-14 3.16643e-14 0 0 0 0.0178667 -0.00536 -0.00536 0 0 0 0 0 0 0 0 0 0 0 0 0 0 0 0 0 0
167 0.0177333 -0.00532 -0.00532 0 0 0 354.667 1.18664e-13 1.18664e-13 0 0 0 0.0177333 -0.00532 -0.00532 0 0 0 0 0 0 0 0 0 0 0 0 0 0 0 0 0 0
168 0.0176 -0.00528 -0.00528 0 0 0 352 8.12341e-14 8.12341e-14 0 0 0 0.0176 -0.00528 -0.00528 0 0 0 0 0 0 0 0 0 0 0 0 0 0 0 0 0 0
169 0.0174667 -0.00524 -0.00524 0 0 0 349.333 -1.13059e-14 -1.13059e-14 0 0 0 0.0174667 -0.00524 -0.00524 0 0 0 0 0 0 0 0 0 0 0 0 0 0 0 0 0 0
170 0.0173333 -0.0052 -0.0052 0 0 0 346.667 -1.03846e-13 -1.03846e-13 0 0 0 0.0173333 -0.0052 -0.0052 0 0 0 0 0 0 0 0 0 0 0 0 0 0 0 0 0 0
171 0.0172 -0.00516 -0.00516 0 0 0 344 -1.14588e-13 -1.14588e-13 0 0 0 0.0172 -0.00516 -0.00516 0 0 0 0 0 0 0 0 0 0 0 0 0 0 0 0 0 0
172 0.0170667 -0.00512 -0.00512 0 0 0 341.333 8.3364e-16 8.3364e-16 0 0 0 0.0170667 -0.00512 -0.00512 0 0 0 0 0 0 0 0 0 0 0 0 0 0 0 0 0 0
173 0.0169333 -0.00508 -0.00508 0 0 0 338.667 8.78338e-14 8.78338e-14 0 0 0 0.0169333 -0.00508 -0.00508 0 0 0 0 0 0 0 0 0 0 0 0 0 0 0 0 0 0
174 0.0168 -0.00504 -0.00504 0 0 0 336 7.79584e-14 7.79584e-14 0 0 0 0.0168 -0.00504 -0.00504 0 0 0 0 0 0 0 0 0 0 0 0 0 0 0 0 0 0
175 0.0166667 -0.005 -0.005 0 0 0 333.333 2.63172e-14 2.63172e-14 0 0 0 0.0166667 -0.005 -0.005 0 0 0 0 0 0 0 0 0 0 0 0 0 0 0 0 0 0
176 0.0165333 -0.00496 -0.00496 0 0 0 330.667 -9.46445e-14 -9.46445e-14 0 0 0 0.0165333 -0.00496 -0.00496 0 0 0 0 0 0 0 0 0 0 0 0 0 0 0 0 0 0
177 0.0164 -0.00492 -0.00492 0 0 0 328 -9.0309e-14 -9.0309e-14 0 0 0 0.0164 -0.00492 -0.00492 0 0 0 0 0 0 0 0 0 0 0 0 0 0 0 0 0 0
178 0.0162667 -0.00488 -0.00488 0 0 0 325.333 -3.30893e-15 -3.30893e-15 0 0 0 0.0162667 -0.00488 -0.00488 0 0 0 0 0 0 0 0 0 0 0 0 0 0 0 0 0 0
179 0.0161333 -0.00484 -0.00484 0 0 0 322.667 1.11246e-13 1.11246e-13 0 0 0 0.0161333 -0.00484 -0.00484 0 0 0 0 0 0 0 0 0 0 0 0 0 0 0 0 0 0
180 0.016 -0.0048 -0.0048 0 0 0 320 7.38158e-14 7.38158e-14 0 0 0 0.016 -0.0048 -0.0048 0 0 0 0 0 0 0 0 0 0 0 0 0 0 0 0 0 0
181 0.0158667 -0.00476 -0.00476 0 0 0 317.333 -1.87242e-14 -1.87242e-14 0 0 0 0.0158667 -0.00476 -0.00476 0 0 0 0 0 0 0 0 0 0 0 0 0 0 0 0 0 0
182 0.0157333 -0.00472 -0.00472 0 0 0 314.667 -8.37094e-14 -8.37094e-14 0 0 0 0.0157333 -0.00472 -0.00472 0 0 0 0 0 0 0 0 0 0 0 0 0 0 0 0 0 0
183 0.0156 -0.00468 -0.00468 0 0 0 312 -3.76082e-14 -3.76082e-14 0 0 0 0.0156 -0.00468 -0.00468 0 0 0 0 0 0 0 0 0 0 0 0 0 0 0 0 0 0
184 0.0154667 -0.00464 -0.00464 0 0 0 309.333 4.93919e-14 4.93919e-14 0 0 0 0.0154667 -0.00464 -0.00464 0 0 0 0 0 0 0 0 0 0 0 0 0 0 0 0 0 0
185 0.0153333 -0.0046 -0.0046 0 0 0 306.667 1.08837e-13 1.08837e-13 0 0 0 0.0153333 -0.0046 -0.0046 0 0 0 0 0 0 0 0 0 0 0 0 0 0 0 0 0 0
186 0.0152 -0.00456 -0.00456 0 0 0 304 8.64846e-14 8.64846e-14 0 0 0 0.0152 -0.00456 -0.00456 0 0 0 0 0 0 0 0 0 0 0 0 0 0 0 0 0 0
187 0.0150667 -0.00452 -0.00452 0 0 0 301.333 -6.20321e-14 -6.20321e-14 0 0 0 0.0150667 -0.00452 -0.00452 0 0 0 0 0 0 0 0 0 0 0 0 0 0 0 0 0 0
188 0.0149333 -0.00448 -0.00448 0 0 0 298.667 -1.40361e-13 -1.40361e-13 0 0 0 0.0149333 -0.00448 -0.00448 0 0 0 0 0 0 0 0 0 0 0 0 0 0 0 0 0 0
189 0.0148 -0.00444 -0.00444 0 0 0 296 -6.67051e-14 -6.67051e-14 0 0 0 0.0148 -0.00444 -0.00444 0 0 0 0 0 0 0 0 0 0 0 0 0 0 0 0 0 0
190 0.0146667 -0.0044 -0.0044 0 0 0 293.333 4.87167e-14 4.87167e-14 0 0 0 0.0146667 -0.0044 -0.0044 0 0 0 0 0 0 0 0 0 0 0 0 0 0 0 0 0 0
191 0.0145333 -0.00436 -0.00436 0 0 0 290.667 1.08162e-13 1.08162e-13 0 0 0 0.0145333 -0.00436 -0.00436 0 0 0 0 0 0 0 0 0 0 0 0 0 0 0 0 0 0
192 0.0144 -0.00432 -0.00432 0 0 0 288 8.58093e-14 8.58093e-14 0 0 0 0.0144 -0.00432 -0.00432 0 0 0 0 0 0 0 0 0 0 0 0 0 0 0 0 0 0
193 0.0142667 -0.00428 -0.00428 0 0 0 285.333 -7.69182e-14 -7.69182e-14 0 0 0 0.0142667 -0.00428 -0.00428 0 0 0 0 0 0 0 0 0 0 0 0 0 0 0 0 0 0
194 0.0141333 -0.00424 -0.00424 0 0 0 282.667 -9.92707e-14 -9.92707e-14 0 0 0 0.0141333 -0.00424 -0.00424 0 0 0 0 0 0 0 0 0 0 0 0 0 0 0 0 0 0
195 0.014 -0.0042 -0.0042 0 0 0 280 -2.56147e-14 -2.56147e-14 0 0 0 0.014 -0.0042 -0.0042 0 0 0 0 0 0 0 0 0 0 0 0 0 0 0 0 0 0
196 0.0138667 -0.00416 -0.00416 0 0 0 277.333 3.38306e-14 3.38306e-14 0 0 0 0.0138667 -0.00416 -0.00416 0 0 0 0 0 0 0 0 0 0 0 0 0 0 0 0 0 0
197 0.0137333 -0.00412 -0.00412 0 0 0 274.667 1.00381e-13 1.00381e-13 0 0 0 0.0137333 -0.00412 -0.00412 0 0 0 0 0 0 0 0 0 0 0 0 0 0 0 0 0 0
198 0.0136 -0.00408 -0.00408 0 0 0 272 7.80286e-14 7.80286e-14 0 0 0 0.0136 -0.00408 -0.00408 0 0 0 0 0 0 0 0 0 0 0 0 0 0 0 0 0 0
199 0.0134667 -0.00404 -0.00404 0 0 0 269.333 -3.49608e-14 -3.49608e-14 0 0 0 0.0134667 -0.00404 -0.00404 0 0 0 0 0 0 0 0 0 0 0 0 0 0 0 0 0 0
200 0.0133333 -0.004 -0.004 0 0 0 266.667 -1.07051e-13 -1.07051e-13 0 0 0 0.0133333 -0.004 -0.004 0 0 0 0 0 0 0 0 0 0 0 0 0 0 0 0 0 0
201 0.0132 -0.00396 -0.00396 0 0 0 264 -6.09502e-14 -6.09502e-14 0 0 0 0.0132 -0.00396 -0.00396 0 0 0 0 0 0 0 0 0 0 0 0 0 0 0 0 0 0
202 0.0130667 -0.00392 -0.00392 0 0 0 261.333 2.60499e-14 2.60499e-14 0 0 0 0.0130667 -0.00392 -0.00392 0 0 0 0 0 0 0 0 0 0 0 0 0 0 0 0 0 0
203 0.0129333 -0.00388 -0.00388 0 0 0 258.667 1.35233e-13 1.35233e-13 0 0 0 0.0129333 -0.00388 -0.00388 0 0 0 0 0 0 0 0 0 0 0 0 0 0 0 0 0 0
204 0.0128 -0.00384 -0.00384 0 0 0 256 8.40254e-14 8.40254e-14 0 0 0 0.0128 -0.00384 -0.00384 0 0 0 0 0 0 0 0 0 0 0 0 0 0 0 0 0 0
205 0.0126667 -0.0038 -0.0038 0 0 0 253.333 -4.27415e-14 -4.27415e-14 0 0 0 0.0126667 -0.0038 -0.0038 0 0 0 0 0 0 0 0 0 0 0 0 0 0 0 0 0 0
206 0.0125333 -0.00376 -0.00376 0 0 0 250.667 -1.49926e-13 -1.49926e-13 0 0 0 0.0125333 -0.00376 -0.00376 0 0 0 0 0 0 0 0 0 0 0 0 0 0 0 0 0 0
207 0.0124 -0.00372 -0.00372 0 0 0 248 -6.87309e-14 -6.87309e-14 0 0 0 0.0124 -0.00372 -0.00372 0 0 0 0 0 0 0 0 0 0 0 0 0 0 0 0 0 0
208 0.0122667 -0.00368 -0.00368 0 0 0 245.333 6.71404e-14 6.71404e-14 0 0 0 0.0122667 -0.00368 -0.00368 0 0 0 0 0 0 0 0 0 0 0 0 0 0 0 0 0 0
209 0.0121333 -0.00364 -0.00364 0 0 0 242.667 1.48335e-13 1.48335e-13 0 0 0 0.0121333 -0.00364 -0.00364 0 0 0 0 0 0 0 0 0 0 0 0 0 0 0 0 0 0
210 0.012 -0.0036 -0.0036 0 0 0 240 6.24673e-14 6.24673e-14 0 0 0 0.012 -0.0036 -0.0036 0 0 0 0 0 0 0 0 0 0 0 0 0 0 0 0 0 0
211 0.0118667 -0.00356 -0.00356 0 0 0 237.333 -9.22879e-14 -9.22879e-14 0 0 0 0.0118667 -0.00356 -0.00356 0 0 0 0 0 0 0 0 0 0 0 0 0 0 0 0 0 0
212 0.0117333 -0.00352 -0.00352 0 0 0 234.667 -1.50601e-13 -1.50601e-13 0 0 0 0.0117333 -0.00352 -0.00352 0 0 0 0 0 0 0 0 0 0 0 0 0 0 0 0 0 0
213 0.0116 -0.00348 -0.00348 0 0 0 232 -4.89567e-14 -4.89567e-14 0 0 0 0.0116 -0.00348 -0.00348 0 0 0 0 0 0 0 0 0 0 0 0 0 0 0 0 0 0
214 0.0114667 -0.00344 -0.00344 0 0 0 229.333 1.22008e-13 1.22008e-13 0 0 0 0.0114667 -0.00344 -0.00344 0 0 0 0 0 0 0 0 0 0 0 0 0 0 0 0 0 0
215 0.0113333 -0.0034 -0.0034 0 0 0 226.667 1.40555e-13 1.40555e-13 0 0 0 0.0113333 -0.0034 -0.0034 0 0 0 0 0 0 0 0 0 0 0 0 0 0 0 0 0 0
216 0.0112 -0.00336 -0.00336 0 0 0 224 2.75651e-14 2.75651e-14 0 0 0 0.0112 -0.00336 -0.00336 0 0 0 0 0 0 0 0 0 0 0 0 0 0 0 0 0 0
217 0.0110667 -0.00332 -0.00332 0 0 0 221.333 -1.06741e-13 -1.06741e-13 0 0 0 0.0110667 -0.00332 -0.00332 0 0 0 0 0 0 0 0 0 0 0 0 0 0 0 0 0 0
218 0.0109333 -0.00328 -0.00328 0 0 0 218.667 -1.43737e-13 -1.43737e-13 0 0 0 0.0109333 -0.00328 -0.00328 0 0 0 0 0 0 0 0 0 0 0 0 0 0 0 0 0 0
219 0.0108 -0.00324 -0.00324 0 0 0 216 -2.16437e-14 -2.16437e-14 0 0 0 0.0108 -0.00324 -0.00324 0 0 0 0 0 0 0 0 0 0 0 0 0 0 0 0 0 0
220 0.0106667 -0.0032 -0.0032 0 0 0 213.333 1.07556e-13 1.07556e-13 0 0 0 0.0106667 -0.0032 -0.0032 0 0 0 0 0 0 0 0 0 0 0 0 0 0 0 0 0 0
221 0.0105333 -0.00316 -0.00316 0 0 0 210.667 1.39446e-13 1.39446e-13 0 0 0 0.0105333 -0.00316 -0.00316 0 0 0 0 0 0 0 0 0 0 0 0 0 0 0 0 0 0
222 0.0104 -0.00312 -0.00312 0 0 0 208 2.64565e-14 2.64565e-14 0 0 0 0.0104 -0.00312 -0.00312 0 0 0 0 0 0 0 0 0 0 0 0 0 0 0 0 0 0
223 0.0102667 -0.00308 -0.00308 0 0 0 205.333 -1.07849e-13 -1.07849e-13 0 0 0 0.0102667 -0.00308 -0.00308 0 0 0 0 0 0 0 0 0 0 0 0 0 0 0 0 0 0
224 0.0101333 -0.00304 -0.00304 0 0 0 202.667 -1.44846e-13 -1.44846e-13 0 0 0 0.0101333 -0.00304 -0.00304 0 0 0 0 0 0 0 0 0 0 0 0 0 0 0 0 0 0
225 0.01 -0.003 -0.003 0 0 0 200 -1.56469e-14 -1.56469e-14 0 0 0 0.01 -0.003 -0.003 0 0 0 0 0 0 0 0 0 0 0 0 0 0 0 0 0 0
226 0.00986667 -0.00296 -0.00296 0 0 0 197.333 1.27763e-13 1.27763e-13 0 0 0 0.00986667 -0.00296 -0.00296 0 0 0 0 0 0 0 0 0 0 0 0 0 0 0 0 0 0
227 0.00973333 -0.00292 -0.00292 0 0 0 194.667 1.31665e-13 1.31665e-13 0 0 0 0.00973333 -0.00292 -0.00292 0 0 0 0 0 0 0 0 0 0 0 0 0 0 0 0 0 0
228 0.0096 -0.00288 -0.00288 0 0 0 192 1.86758e-14 1.86758e-14 0 0 0 0.0096 -0.00288 -0.00288 0 0 0 0 0 0 0 0 0 0 0 0 0 0 0 0 0 0
229 0.00946667 -0.00284 -0.00284 0 0 0 189.333 -1.08525e-13 -1.08525e-13 0 0 0 0.00946667 -0.00284 -0.00284 0 0 0 0 0 0 0 0 0 0 0 0 0 0 0 0 0 0
230 0.00933333 -0.0028 -0.0028 0 0 0 186.667 -1.45521e-13 -1.45521e-13 0 0 0 0.00933333 -0.0028 -0.0028 0 0 0 0 0 0 0 0 0 0 0 0 0 0 0 0 0 0
231 0.0092 -0.00276 -0.00276 0 0 0 184 -2.34276e-14 -2.34276e-14 0 0 0 0.0092 -0.00276 -0.00276 0 0 0 0 0 0 0 0 0 0 0 0 0 0 0 0 0 0
232 0.00906667 -0.00272 -0.00272 0 0 0 181.333 1.19983e-13 1.19983e-13 0 0 0 0.00906667 -0.00272 -0.00272 0 0 0 0 0 0 0 0 0 0 0 0 0 0 0 0 0 0
233 0.00893333 -0.00268 -0.00268 0 0 0 178.667 1.38529e-13 1.38529e-13 0 0 0 0.00893333 -0.00268 -0.00268 0 0 0 0 0 0 0 0 0 0 0 0 0 0 0 0 0 0
234 0.0088 -0.00264 -0.00264 0 0 0 176 1.80005e-14 1.80005e-14 0 0 0 0.0088 -0.00264 -0.00264 0 0 0 0 0 0 0 0 0 0 0 0 0 0 0 0 0 0
235 0.00866667 -0.0026 -0.0026 0 0 0 173.333 -1.08766e-13 -1.08766e-13 0 0 0 0.00866667 -0.0026 -0.0026 0 0 0 0 0 0 0 0 0 0 0 0 0 0 0 0 0 0
236 0.00853333 -0.00256 -0.00256 0 0 0 170.667 -1.32419e-13 -1.32419e-13 0 0 0 0.00853333 -0.00256 -0.00256 0 0 0 0 0 0 0 0 0 0 0 0 0 0 0 0 0 0
237 0.0084 -0.00252 -0.00252 0 0 0 168 -9.89198e-15 -9.89198e-15 0 0 0 0.0084 -0.00252 -0.00252 0 0 0 0 0 0 0 0 0 0 0 0 0 0 0 0 0 0
238 0.00826667 -0.00248 -0.00248 0 0 0 165.333 1.18874e-13 1.18874e-13 0 0 0 0.00826667 -0.00248 -0.00248 0 0 0 0 0 0 0 0 0 0 0 0 0 0 0 0 0 0
239 0.00813333 -0.00244 -0.00244 0 0 0 162.667 1.44526e-13 1.44526e-13 0 0 0 0.00813333 -0.00244 -0.00244 0 0 0 0 0 0 0 0 0 0 0 0 0 0 0 0 0 0
240 0.008 -0.0024 -0.0024 0 0 0 160 2.39973e-14 2.39973e-14 0 0 0 0.008 -0.0024 -0.0024 0 0 0 0 0 0 0 0 0 0 0 0 0 0 0 0 0 0
241 0.00786667 -0.00236 -0.00236 0 0 0 157.333 -1.16547e-13 -1.16547e-13 0 0 0 0.00786667 -0.00236 -0.00236 0 0 0 0 0 0 0 0 0 0 0 0 0 0 0 0 0 0
242 0.00773333 -0.00232 -0.00232 0 0 0 154.667 -1.61083e-13 -1.61083e-13 0 0 0 0.00773333 -0.00232 -0.00232 0 0 0 0 0 0 0 0 0 0 0 0 0 0 0 0 0 0
243 0.0076 -0.00228 -0.00228 0 0 0 152 -3.14501e-14 -3.14501e-14 0 0 0 0.0076 -0.00228 -0.00228 0 0 0 0 0 0 0 0 0 0 0 0 0 0 0 0 0 0
244 0.00746667 -0.00224 -0.00224 0 0 0 149.333 1.04421e-13 1.04421e-13 0 0 0 0.00746667 -0.00224 -0.00224 0 0 0 0 0 0 0 0 0 0 0 0 0 0 0 0 0 0
245 0.00733333 -0.0022 -0.0022 0 0 0 146.667 1.50522e-13 1.50522e-13 0 0 0 0.00733333 -0.0022 -0.0022 0 0 0 0 0 0 0 0 0 0 0 0 0 0 0 0 0 0
246 0.0072 -0.00216 -0.00216 0 0 0 144 4.42049e-14 4.42049e-14 0 0 0 0.0072 -0.00216 -0.00216 0 0 0 0 0 0 0 0 0 0 0 0 0 0 0 0 0 0
247 0.00706667 -0.00212 -0.00212 0 0 0 141.333 -1.1055e-13 -1.1055e-13 0 0 0 0.00706667 -0.00212 -0.00212 0 0 0 0 0 0 0 0 0 0 0 0 0 0 0 0 0 0
248 0.00693333 -0.00208 -0.00208 0 0 0 138.667 -1.47547e-13 -1.47547e-13 0 0 0 0.00693333 -0.00208 -0.00208 0 0 0 0 0 0 0 0 0 0 0 0 0 0 0 0 0 0
249 0.0068 -0.00204 -0.00204 0 0 0 136 -3.56781e-14 -3.56781e-14 0 0 0 0.0068 -0.00204 -0.00204 0 0 0 0 0 0 0 0 0 0 0 0 0 0 0 0 0 0
250 0.00666667 -0.002 -0.002 0 0 0 133.333 9.66405e-14 9.66405e-14 0 0 0 0.00666667 -0.002 -0.002 0 0 0 0 0 0 0 0 0 0 0 0 0 0 0 0 0 0
251 0.00653333 -0.00196 -0.00196 0 0 0 130.667 1.42742e-13 1.42742e-13 0 0 0 0.00653333 -0.00196 -0.00196 0 0 0 0 0 0 0 0 0 0 0 0 0 0 0 0 0 0
252 0.0064 -0.00192 -0.00192 0 0 0 128 3.99769e-14 3.99769e-14 0 0 0 0.0064 -0.00192 -0.00192 0 0 0 0 0 0 0 0 0 0 0 0 0 0 0 0 0 0
253 0.00626667 -0.00188 -0.00188 0 0 0 125.333 -1.14995e-13 -1.14995e-13 0 0 0 0.00626667 -0.00188 -0.00188 0 0 0 0 0 0 0 0 0 0 0 0 0 0 0 0 0 0
254 0.00613333 -0.00184 -0.00184 0 0 0 122.667 -1.4155e-13 -1.4155e-13 0 0 0 0.00613333 -0.00184 -0.00184 0 0 0 0 0 0 0 0 0 0 0 0 0 0 0 0 0 0
255 0.006 -0.0018 -0.0018 0 0 0 120 -2.96813e-14 -2.96813e-14 0 0 0 0.006 -0.0018 -0.0018 0 0 0 0 0 0 0 0 0 0 0 0 0 0 0 0 0 0
256 0.00586667 -0.00176 -0.00176 0 0 0 117.333 1.10176e-13 1.10176e-13 0 0 0 0.00586667 -0.00176 -0.00176 0 0 0 0 0 0 0 0 0 0 0 0 0 0 0 0 0 0
257 0.00573333 -0.00172 -0.00172 0 0 0 114.667 1.35394e-13 1.35394e-13 0 0 0 0.00573333 -0.00172 -0.00172 0 0 0 0 0 0 0 0 0 0 0 0 0 0 0 0 0 0
258 0.0056 -0.00168 -0.00168 0 0 0 112 2.19715e-14 2.19715e-14 0 0 0 0.0056 -0.00168 -0.00168 0 0 0 0 0 0 0 0 0 0 0 0 0 0 0 0 0 0
259 0.00546667 -0.00164 -0.00164 0 0 0 109.333 -1.08565e-13 -1.08565e-13 0 0 0 0.00546667 -0.00164 -0.00164 0 0 0 0 0 0 0 0 0 0 0 0 0 0 0 0 0 0
260 0.00533333 -0.0016 -0.0016 0 0 0 106.667 -1.31784e-13 -1.31784e-13 0 0 0 0.00533333 -0.0016 -0.0016 0 0 0 0 0 0 0 0 0 0 0 0 0 0 0 0 0 0
261 0.0052 -0.00156 -0.00156 0 0 0 104 -2.34678e-14 -2.34678e-14 0 0 0 0.0052 -0.00156 -0.00156 0 0 0 0 0 0 0 0 0 0 0 0 0 0 0 0 0 0
262 0.00506667 -0.00152 -0.00152 0 0 0 101.333 1.16173e-13 1.16173e-13 0 0 0 0.00506667 -0.00152 -0.00152 0 0 0 0 0 0 0 0 0 0 0 0 0 0 0 0 0 0
263 0.00493333 -0.00148 -0.00148 0 0 0 98.6667 1.3095e-13 1.3095e-13 0 0 0 0.00493333 -0.00148 -0.00148 0 0 0 0 0 0 0 0 0 0 0 0 0 0 0 0 0 0
264 0.0048 -0.00144 -0.00144 0 0 0 96 2.12963e-14 2.12963e-14 0 0 0 0.0048 -0.00144 -0.00144 0 0 0 0 0 0 0 0 0 0 0 0 0 0 0 0 0 0
265 0.00466667 -0.0014 -0.0014 0 0 0 93.3333 -1.19682e-13 -1.19682e-13 0 0 0 0.00466667 -0.0014 -0.0014 0 0 0 0 0 0 0 0 0 0 0 0 0 0 0 0 0 0
266 0.00453333 -0.00136 -0.00136 0 0 0 90.6667 -1.42901e-13 -1.42901e-13 0 0 0 0.00453333 -0.00136 -0.00136 0 0 0 0 0 0 0 0 0 0 0 0 0 0 0 0 0 0
267 0.0044 -0.00132 -0.00132 0 0 0 88 -2.76958e-14 -2.76958e-14 0 0 0 0.0044 -0.00132 -0.00132 0 0 0 0 0 0 0 0 0 0 0 0 0 0 0 0 0 0
268 0.00426667 -0.00128 -0.00128 0 0 0 85.3333 1.15281e-13 1.15281e-13 0 0 0 0.00426667 -0.00128 -0.00128 0 0 0 0 0 0 0 0 0 0 0 0 0 0 0 0 0 0
269 0.00413333 -0.00124 -0.00124 0 0 0 82.6667 1.47605e-13 1.47605e-13 0 0 0 0.00413333 -0.00124 -0.00124 0 0 0 0 0 0 0 0 0 0 0 0 0 0 0 0 0 0
270 0.004 -0.0012 -0.0012 0 0 0 80 2.3957e-14 2.3957e-14 0 0 0 0.004 -0.0012 -0.0012 0 0 0 0 0 0 0 0 0 0 0 0 0 0 0 0 0 0
271 0.00386667 -0.00116 -0.00116 0 0 0 77.3333 -1.30798e-13 -1.30798e-13 0 0 0 0.00386667 -0.00116 -0.00116 0 0 0 0 0 0 0 0 0 0 0 0 0 0 0 0 0 0
272 0.00373333 -0.00112 -0.00112 0 0 0 74.6667 -1.54234e-13 -1.54234e-13 0 0 0 0.00373333 -0.00112 -0.00112 0 0 0 0 0 0 0 0 0 0 0 0 0 0 0 0 0 0
273 0.0036 -0.00108 -0.00108 0 0 0 72 -2.16991e-14 -2.16991e-14 0 0 0 0.0036 -0.00108 -0.00108 0 0 0 0 0 0 0 0 0 0 0 0 0 0 0 0 0 0
274 0.00346667 -0.00104 -0.00104 0 0 0 69.3333 1.35055e-13 1.35055e-13 0 0 0 0.00346667 -0.00104 -0.00104 0 0 0 0 0 0 0 0 0 0 0 0 0 0 0 0 0 0
275 0.00333333 -0.001 -0.001 0 0 0 66.6667 1.49832e-13 1.49832e-13 0 0 0 0.00333333 -0.001 -0.001 0 0 0 0 0 0 0 0 0 0 0 0 0 0 0 0 0 0
276 0.0032 -0.00096 -0.00096 0 0 0 64 1.91873e-14 1.91873e-14 0 0 0 0.0032 -0.00096 -0.00096 0 0 0 0 0 0 0 0 0 0 0 0 0 0 0 0 0 0
277 0.00306667 -0.00092 -0.00092 0 0 0 61.3333 -1.39337e-13 -1.39337e-13 0 0 0 0.00306667 -0.00092 -0.00092 0 0 0 0 0 0 0 0 0 0 0 0 0 0 0 0 0 0
278 0.00293333 -0.00088 -0.00088 0 0 0 58.6667 -1.52224e-13 -1.52224e-13 0 0 0 0.00293333 -0.00088 -0.00088 0 0 0 0 0 0 0 0 0 0 0 0 0 0 0 0 0 0
279 0.0028 -0.00084 -0.00084 0 0 0 56 -1.27997e-14 -1.27997e-14 0 0 0 0.0028 -0.00084 -0.00084 0 0 0 0 0 0 0 0 0 0 0 0 0 0 0 0 0 0
280 0.00266667 -0.0008 -0.0008 0 0 0 53.3333 1.4051e-13 1.4051e-13 0 0 0 0.00266667 -0.0008 -0.0008 0 0 0 0 0 0 0 0 0 0 0 0 0 0 0 0 0 0
281 0.00253333 -0.00076 -0.00076 0 0 0 50.6667 1.46514e-13 1.46514e-13 0 0 0 0.00253333 -0.00076 -0.00076 0 0 0 0 0 0 0 0 0 0 0 0 0 0 0 0 0 0
282 0.0024 -0.00072 -0.00072 0 0 0 48 1.06481e-14 1.06481e-14 0 0 0 0.0024 -0.00072 -0.00072 0 0 0 0 0 0 0 0 0 0 0 0 0 0 0 0 0 0
283 0.00226667 -0.00068 -0.00068 0 0 0 45.3333 -1.40879e-13 -1.40879e-13 0 0 0 0.00226667 -0.00068 -0.00068 0 0 0 0 0 0 0 0 0 0 0 0 0 0 0 0 0 0
284 0.00213333 -0.00064 -0.00064 0 0 0 42.6667 -1.46769e-13 -1.46769e-13 0 0 0 0.00213333 -0.00064 -0.00064 0 0 0 0 0 0 0 0 0 0 0 0 0 0 0 0 0 0
285 0.002 -0.0006 -0.0006 0 0 0 40 -7.34471e-15 -7.34471e-15 0 0 0 0.002 -0.0006 -0.0006 0 0 0 0 0 0 0 0 0 0 0 0 0 0 0 0 0 0
286 0.00186667 -0.00056 -0.00056 0 0 0 37.3333 1.40744e-13 1.40744e-13 0 0 0 0.00186667 -0.00056 -0.00056 0 0 0 0 0 0 0 0 0 0 0 0 0 0 0 0 0 0
287 0.00173333 -0.00052 -0.00052 0 0 0 34.6667 1.50409e-13 1.50409e-13 0 0 0 0.00173333 -0.00052 -0.00052 0 0 0 0 0 0 0 0 0 0 0 0 0 0 0 0 0 0
288 0.0016 -0.00048 -0.00048 0 0 0 32 5.8784e-15 5.8784e-15 0 0 0 0.0016 -0.00048 -0.00048 0 0 0 0 0 0 0 0 0 0 0 0 0 0 0 0 0 0
289 0.00146667 -0.00044 -0.00044 0 0 0 29.3333 -1.40266e-13 -1.40266e-13 0 0 0 0.00146667 -0.00044 -0.00044 0 0 0 0 0 0 0 0 0 0 0 0 0 0 0 0 0 0
290 0.00133333 -0.0004 -0.0004 0 0 0 26.6667 -1.49654e-13 -1.49654e-13 0 0 0 0.00133333 -0.0004 -0.0004 0 0 0 0 0 0 0 0 0 0 0 0 0 0 0 0 0 0
291 0.0012 -0.00036 -0.00036 0 0 0 24 -9.34155e-15 -9.34155e-15 0 0 0 0.0012 -0.00036 -0.00036 0 0 0 0 0 0 0 0 0 0 0 0 0 0 0 0 0 0
292 0.00106667 -0.00032 -0.00032 0 0 0 21.3333 1.40524e-13 1.40524e-13 0 0 0 0.00106667 -0.00032 -0.00032 0 0 0 0 0 0 0 0 0 0 0 0 0 0 0 0 0 0
293 0.000933333 -0.00028 -0.00028 0 0 0 18.6667 1.47578e-13 1.47578e-13 0 0 0 0.000933333 -0.00028 -0.00028 0 0 0 0 0 0 0 0 0 0 0 0 0 0 0 0 0 0
294 0.0008 -0.00024 -0.00024 0 0 0 16 7.87836e-15 7.87836e-15 0 0 0 0.0008 -0.00024 -0.00024 0 0 0 0 0 0 0 0 0 0 0 0 0 0 0 0 0 0
295 0.000666667 -0.0002 -0.0002 0 0 0 13.3333 -1.4093e-13 -1.4093e-13 0 0 0 0.000666667 -0.0002 -0.0002 0 0 0 0 0 0 0 0 0 0 0 0 0 0 0 0 0 0
296 0.000533333 -0.00016 -0.00016 0 0 0 10.6667 -1.48623e-13 -1.48623e-13 0 0 0 0.000533333 -0.00016 -0.00016 0 0 0 0 0 0 0 0 0 0 0 0 0 0 0 0 0 0
297 0.0004 -0.00012 -0.00012 0 0 0 8 -9.14504e-15 -9.14504e-15 0 0 0 0.0004 -0.00012 -0.00012 0 0 0 0 0 0 0 0 0 0 0 0 0 0 0 0 0 0
298 0.000266667 -8e-05 -8e-05 0 0 0 5.33333 1.40498e-13 1.40498e-13 0 0 0 0.000266667 -8e-05 -8e-05 0 0 0 0 0 0 0 0 0 0 0 0 0 0 0 0 0 0
299 0.000133333 -4e-05 -4e-05 0 0 0 2.66667 1.49365e-13 1.49365e-13 0 0 0 0.000133333 -4e-05 -4e-05 0 0 0 0 0 0 0 0 0 0 0 0 0 0 0 0 0 0
300 -5.42101e-19 -3.92346e-18 -3.92346e-18 0 0 0 2.14234e-14 8.60064e-15 8.60064e-15 0 0 0 8.13152e-19 -2.03288e-20 -2.03288e-20 0 0 0 0 0 0 0 0 0 0 0 0 0 0 0 0 0 0
301 -0.000133333 4e-05 4e-05 0 0 0 -2.66667 -1.40664e-13 -1.40664e-13 0 0 0 -0.000133333 4e-05 4e-05 0 0 0 0 0 0 0 0 0 0 0 0 0 0 0 0 0 0
302 -0.000266667 8e-05 8e-05 0 0 0 -5.33333 -1.4955e-13 -1.4955e-13 0 0 0 -0.000266667 8e-05 8e-05 0 0 0 0 0 0 0 0 0 0 0 0 0 0 0 0 0 0
303 -0.0004 0.00012 0.00012 0 0 0 -8 -9.0027e-15 -9.0027e-15 0 0 0 -0.0004 0.00012 0.00012 0 0 0 0 0 0 0 0 0 0 0 0 0 0 0 0 0 0
304 -0.000533333 0.00016 0.00016 0 0 0 -10.6667 1.40419e-13 1.40419e-13 0 0 0 -0.000533333 0.00016 0.00016 0 0 0 0 0 0 0 0 0 0 0 0 0 0 0 0 0 0
305 -0.000666667 0.0002 0.0002 0 0 0 -13.3333 1.49612e-13 1.49612e-13 0 0 0 -0.000666667 0.0002 0.0002 0 0 0 0 0 0 0 0 0 0 0 0 0 0 0 0 0 0
306 -0.0008 0.00024 0.00024 0 0 0 -16 9.4953e-15 9.4953e-15 0 0 0 -0.0008 0.00024 0.00024 0 0 0 0 0 0 0 0 0 0 0 0 0 0 0 0 0 0
307 -0.000933333 0.00028 0.00028 0 0 0 -18.6667 -1.38425e-13 -1.38425e-13 0 0 0 -0.000933333 0.00028 0.00028 0 0 0 0 0 0 0 0 0 0 0 0 0 0 0 0 0 0
308 -0.00106667 0.00032 0.00032 0 0 0 -21.3333 -1.50478e-13 -1.50478e-13 0 0 0 -0.00106667 0.00032 0.00032 0 0 0 0 0 0 0 0 0 0 0 0 0 0 0 0 0 0
309 -0.0012 0.00036 0.00036 0 0 0 -24 -1.00572e-14 -1.00572e-14 0 0 0 -0.0012 0.00036 0.00036 0 0 0 0 0 0 0 0 0 0 0 0 0 0 0 0 0 0
310 -0.00133333 0.0004 0.0004 0 0 0 -26.6667 1.39808e-13 1.39808e-13 0 0 0 -0.00133333 0.0004 0.0004 0 0 0 0 0 0 0 0 0 0 0 0 0 0 0 0 0 0
311 -0.00146667 0.00044 0.00044 0 0 0 -29.3333 1.4853e-13 1.4853e-13 0 0 0 -0.00146667 0.00044 0.00044 0 0 0 0 0 0 0 0 0 0 0 0 0 0 0 0 0 0
312 -0.0016 0.00048 0.00048 0 0 0 -32 9.22063e-15 9.22063e-15 0 0 0 -0.0016 0.00048 0.00048 0 0 0 0 0 0 0 0 0 0 0 0 0 0 0 0 0 0
313 -0.00173333 0.00052 0.00052 0 0 0 -34.6667 -1.3609e-13 -1.3609e-13 0 0 0 -0.00173333 0.00052 0.00052 0 0 0 0 0 0 0 0 0 0 0 0 0 0 0 0 0 0
314 -0.00186667 0.00056 0.00056 0 0 0 -37.3333 -1.48976e-13 -1.48976e-13 0 0 0 -0.00186667 0.00056 0.00056 0 0 0 0 0 0 0 0 0 0 0 0 0 0 0 0 0 0
315 -0.002 0.0006 0.0006 0 0 0 -40 -1.47728e-14 -1.47728e-14 0 0 0 -0.002 0.0006 0.0006 0 0 0 0 0 0 0 0 0 0 0 0 0 0 0 0 0 0
316 -0.00213333 0.00064 0.00064 0 0 0 -42.6667 1.33425e-13 1.33425e-13 0 0 0 -0.00213333 0.00064 0.00064 0 0 0 0 0 0 0 0 0 0 0 0 0 0 0 0 0 0
317 -0.00226667 0.00068 0.00068 0 0 0 -45.3333 1.44649e-13 1.44649e-13 0 0 0 -0.00226667 0.00068 0.00068 0 0 0 0 0 0 0 0 0 0 0 0 0 0 0 0 0 0
318 -0.0024 0.00072 0.00072 0 0 0 -48 1.22278e-14 1.22278e-14 0 0 0 -0.0024 0.00072 0.00072 0 0 0 0 0 0 0 0 0 0 0 0 0 0 0 0 0 0
319 -0.00253333 0.00076 0.00076 0 0 0 -50.6667 -1.32303e-13 -1.32303e-13 0 0 0 -0.00253333 0.00076 0.00076 0 0 0 0 0 0 0 0 0 0 0 0 0 0 0 0 0 0
320 -0.00266667 0.0008 0.0008 0 0 0 -53.3333 -1.43521e-13 -1.43521e-13 0 0 0 -0.00266667 0.0008 0.0008 0 0 0 0 0 0 0 0 0 0 0 0 0 0 0 0 0 0
321 -0.0028 0.00084 0.00084 0 0 0 -56 -1.09858e-14 -1.09858e-14 0 0 0 -0.0028 0.00084 0.00084 0 0 0 0 0 0 0 0 0 0 0 0 0 0 0 0 0 0
322 -0.00293333 0.00088 0.00088 0 0 0 -58.6667 1.31883e-13 1.31883e-13 0 0 0 -0.00293333 0.00088 0.00088 0 0 0 0 0 0 0 0 0 0 0 0 0 0 0 0 0 0
323 -0.00306667 0.00092 0.00092 0 0 0 -61.3333 1.41547e-13 1.41547e-13 0 0 0 -0.00306667 0.00092 0.00092 0 0 0 0 0 0 0 0 0 0 0 0 0 0 0 0 0 0
324 -0.0032 0.00096 0.00096 0 0 0 -64 9.12606e-15 9.12606e-15 0 0 0 -0.0032 0.00096 0.00096 0 0 0 0 0 0 0 0 0 0 0 0 0 0 0 0 0 0
325 -0.00333333 0.001 0.001 0 0 0 -66.6667 -1.30292e-13 -1.30292e-13 0 0 0 -0.00333333 0.001 0.001 0 0 0 0 0 0 0 0 0 0 0 0 0 0 0 0 0 0
326 -0.00346667 0.00104 0.00104 0 0 0 -69.3333 -1.34622e-13 -1.34622e-13 0 0 0 -0.00346667 0.00104 0.00104 0 0 0 0 0 0 0 0 0 0 0 0 0 0 0 0 0 0
327 -0.0036 0.00108 0.00108 0 0 0 -72 -2.08641e-15 -2.08641e-15 0 0 0 -0.0036 0.00108 0.00108 0 0 0 0 0 0 0 0 0 0 0 0 0 0 0 0 0 0
328 -0.00373333 0.00112 0.00112 0 0 0 -74.6667 1.30449e-13 1.30449e-13 0 0 0 -0.00373333 0.00112 0.00112 0 0 0 0 0 0 0 0 0 0 0 0 0 0 0 0 0 0
329 -0.00386667 0.00116 0.00116 0 0 0 -77.3333 1.24343e-13 1.24343e-13 0 0 0 -0.00386667 0.00116 0.00116 0 0 0 0 0 0 0 0 0 0 0 0 0 0 0 0 0 0
330 -0.004 0.0012 0.0012 0 0 0 -80 -2.85745e-15 -2.85745e-15 0 0 0 -0.004 0.0012 0.0012 0 0 0 0 0 0 0 0 0 0 0 0 0 0 0 0 0 0
331 -0.00413333 0.00124 0.00124 0 0 0 -82.6667 -1.26505e-13 -1.26505e-13 0 0 0 -0.00413333 0.00124 0.00124 0 0 0 0 0 0 0 0 0 0 0 0 0 0 0 0 0 0
332 -0.00426667 0.00128 0.00128 0 0 0 -85.3333 -1.29058e-13 -1.29058e-13 0 0 0 -0.00426667 0.00128 0.00128 0 0 0 0 0 0 0 0 0 0 0 0 0 0 0 0 0 0
333 -0.0044 0.00132 0.00132 0 0 0 -88 3.69364e-15 3.69364e-15 0 0 0 -0.0044 0.00132 0.00132 0 0 0 0 0 0 0 0 0 0 0 0 0 0 0 0 0 0
334 -0.00453333 0.00136 0.00136 0 0 0 -90.6667 1.25787e-13 1.25787e-13 0 0 0 -0.00453333 0.00136 0.00136 0 0 0 0 0 0 0 0 0 0 0 0 0 0 0 0 0 0
335 -0.00466667 0.0014 0.0014 0 0 0 -93.3333 1.34109e-13 1.34109e-13 0 0 0 -0.00466667 0.0014 0.0014 0 0 0 0 0 0 0 0 0 0 0 0 0 0 0 0 0 0
336 -0.0048 0.00144 0.00144 0 0 0 -96 2.00093e-17 2.00093e-17 0 0 0 -0.0048 0.00144 0.00144 0 0 0 0 0 0 0 0 0 0 0 0 0 0 0 0 0 0
337 -0.00493333 0.00148 0.00148 0 0 0 -98.6667 -1.37622e-13 -1.37622e-13 0 0 0 -0.00493333 0.00148 0.00148 0 0 0 0 0 0 0 0 0 0 0 0 0 0 0 0 0 0
338 -0.00506667 0.00152 0.00152 0 0 0 -101.333 -1.26181e-13 -1.26181e-13 0 0 0 -0.00506667 0.00152 0.00152 0 0 0 0 0 0 0 0 0 0 0 0 0 0 0 0 0 0
339 -0.0052 0.00156 0.00156 0 0 0 -104 1.34598e-14 1.34598e-14 0 0 0 -0.0052 0.00156 0.00156 0 0 0 0 0 0 0 0 0 0 0 0 0 0 0 0 0 0
340 -0.00533333 0.0016 0.0016 0 0 0 -106.667 1.25112e-13 1.25112e-13 0 0 0 -0.00533333 0.0016 0.0016 0 0 0 0 0 0 0 0 0 0 0 0 0 0 0 0 0 0
341 -0.00546667 0.00164 0.00164 0 0 0 -109.333 1.29881e-13 1.29881e-13 0 0 0 -0.00546667 0.00164 0.00164 0 0 0 0 0 0 0 0 0 0 0 0 0 0 0 0 0 0
342 -0.0056 0.00168 0.00168 0 0 0 -112 -2.17548e-14 -2.17548e-14 0 0 0 -0.0056 0.00168 0.00168 0 0 0 0 0 0 0 0 0 0 0 0 0 0 0 0 0 0
343 -0.00573333 0.00172 0.00172 0 0 0 -114.667 -1.34961e-13 -1.34961e-13 0 0 0 -0.00573333 0.00172 0.00172 0 0 0 0 0 0 0 0 0 0 0 0 0 0 0 0 0 0
344 -0.00586667 0.00176 0.00176 0 0 0 -117.333 -1.05973e-13 -1.05973e-13 0 0 0 -0.00586667 0.00176 0.00176 0 0 0 0 0 0 0 0 0 0 0 0 0 0 0 0 0 0
345 -0.006 0.0018 0.0018 0 0 0 -120 9.01515e-15 9.01515e-15 0 0 0 -0.006 0.0018 0.0018 0 0 0 0 0 0 0 0 0 0 0 0 0 0 0 0 0 0
346 -0.00613333 0.00184 0.00184 0 0 0 -122.667 1.27773e-13 1.27773e-13 0 0 0 -0.00613333 0.00184 0.00184 0 0 0 0 0 0 0 0 0 0 0 0 0 0 0 0 0 0
347 -0.00626667 0.00188 0.00188 0 0 0 -125.333 1.25436e-13 1.25436e-13 0 0 0 -0.00626667 0.00188 0.00188 0 0 0 0 0 0 0 0 0 0 0 0 0 0 0 0 0 0
348 -0.0064 0.00192 0.00192 0 0 0 -128 -1.5472e-15 -1.5472e-15 0 0 0 -0.0064 0.00192 0.00192 0 0 0 0 0 0 0 0 0 0 0 0 0 0 0 0 0 0
349 -0.00653333 0.00196 0.00196 0 0 0 -130.667 -1.52966e-13 -1.52966e-13 0 0 0 -0.00653333 0.00196 0.00196 0 0 0 0 0 0 0 0 0 0 0 0 0 0 0 0 0 0
350 -0.00666667 0.002 0.002 0 0 0 -133.333 -1.41526e-13 -1.41526e-13 0 0 0 -0.00666667 0.002 0.002 0 0 0 0 0 0 0 0 0 0 0 0 0 0 0 0 0 0
351 -0.0068 0.00204 0.00204 0 0 0 -136 1.45118e-15 1.45118e-15 0 0 0 -0.0068 0.00204 0.00204 0 0 0 0 0 0 0 0 0 0 0 0 0 0 0 0 0 0
352 -0.00693333 0.00208 0.00208 0 0 0 -138.667 1.41309e-13 1.41309e-13 0 0 0 -0.00693333 0.00208 0.00208 0 0 0 0 0 0 0 0 0 0 0 0 0 0 0 0 0 0
353 -0.00706667 0.00212 0.00212 0 0 0 -141.333 1.31867e-13 1.31867e-13 0 0 0 -0.00706667 0.00212 0.00212 0 0 0 0 0 0 0 0 0 0 0 0 0 0 0 0 0 0
354 -0.0072 0.00216 0.00216 0 0 0 -144 -1.62166e-14 -1.62166e-14 0 0 0 -0.0072 0.00216 0.00216 0 0 0 0 0 0 0 0 0 0 0 0 0 0 0 0 0 0
355 -0.00733333 0.0022 0.0022 0 0 0 -146.667 -1.29206e-13 -1.29206e-13 0 0 0 -0.00733333 0.0022 0.0022 0 0 0 0 0 0 0 0 0 0 0 0 0 0 0 0 0 0
356 -0.00746667 0.00224 0.00224 0 0 0 -149.333 -1.24871e-13 -1.24871e-13 0 0 0 -0.00746667 0.00224 0.00224 0 0 0 0 0 0 0 0 0 0 0 0 0 0 0 0 0 0
357 -0.0076 0.00228 0.00228 0 0 0 -152 4.32864e-15 4.32864e-15 0 0 0 -0.0076 0.00228 0.00228 0 0 0 0 0 0 0 0 0 0 0 0 0 0 0 0 0 0
358 -0.00773333 0.00232 0.00232 0 0 0 -154.667 1.33528e-13 1.33528e-13 0 0 0 -0.00773333 0.00232 0.00232 0 0 0 0 0 0 0 0 0 0 0 0 0 0 0 0 0 0
359 -0.00786667 0.00236 0.00236 0 0 0 -157.333 1.24086e-13 1.24086e-13 0 0 0 -0.00786667 0.00236 0.00236 0 0 0 0 0 0 0 0 0 0 0 0 0 0 0 0 0 0
360 -0.008 0.0024 0.0024 0 0 0 -160 1.10964e-14 1.10964e-14 0 0 0 -0.008 0.0024 0.0024 0 0 0 0 0 0 0 0 0 0 0 0 0 0 0 0 0 0
361 -0.00813333 0.00244 0.00244 0 0 0 -162.667 -1.1567e-13 -1.1567e-13 0 0 0 -0.00813333 0.00244 0.00244 0 0 0 0 0 0 0 0 0 0 0 0 0 0 0 0 0 0
362 -0.00826667 0.00248 0.00248 0 0 0 -165.333 -1.32218e-13 -1.32218e-13 0 0 0 -0.00826667 0.00248 0.00248 0 0 0 0 0 0 0 0 0 0 0 0 0 0 0 0 0 0
363 -0.0084 0.00252 0.00252 0 0 0 -168 -1.67961e-14 -1.67961e-14 0 0 0 -0.0084 0.00252 0.00252 0 0 0 0 0 0 0 0 0 0 0 0 0 0 0 0 0 0
364 -0.00853333 0.00256 0.00256 0 0 0 -170.667 1.19075e-13 1.19075e-13 0 0 0 -0.00853333 0.00256 0.00256 0 0 0 0 0 0 0 0 0 0 0 0 0 0 0 0 0 0
365 -0.00866667 0.0026 0.0026 0 0 0 -173.333 1.37622e-13 1.37622e-13 0 0 0 -0.00866667 0.0026 0.0026 0 0 0 0 0 0 0 0 0 0 0 0 0 0 0 0 0 0
366 -0.0088 0.00264 0.00264 0 0 0 -176 1.70932e-14 1.70932e-14 0 0 0 -0.0088 0.00264 0.00264 0 0 0 0 0 0 0 0 0 0 0 0 0 0 0 0 0 0
367 -0.00893333 0.00268 0.00268 0 0 0 -178.667 -1.09674e-13 -1.09674e-13 0 0 0 -0.00893333 0.00268 0.00268 0 0 0 0 0 0 0 0 0 0 0 0 0 0 0 0 0 0
368 -0.00906667 0.00272 0.00272 0 0 0 -181.333 -1.19116e-13 -1.19116e-13 0 0 0 -0.00906667 0.00272 0.00272 0 0 0 0 0 0 0 0 0 0 0 0 0 0 0 0 0 0
369 -0.0092 0.00276 0.00276 0 0 0 -184 -2.45768e-14 -2.45768e-14 0 0 0 -0.0092 0.00276 0.00276 0 0 0 0 0 0 0 0 0 0 0 0 0 0 0 0 0 0
370 -0.00933333 0.0028 0.0028 0 0 0 -186.667 1.11295e-13 1.11295e-13 0 0 0 -0.00933333 0.0028 0.0028 0 0 0 0 0 0 0 0 0 0 0 0 0 0 0 0 0 0
371 -0.00946667 0.00284 0.00284 0 0 0 -189.333 1.29841e-13 1.29841e-13 0 0 0 -0.00946667 0.00284 0.00284 0 0 0 0 0 0 0 0 0 0 0 0 0 0 0 0 0 0
372 -0.0096 0.00288 0.00288 0 0 0 -192 9.31252e-15 9.31252e-15 0 0 0 -0.0096 0.00288 0.00288 0 0 0 0 0 0 0 0 0 0 0 0 0 0 0 0 0 0
373 -0.00973333 0.00292 0.00292 0 0 0 -194.667 -1.17454e-13 -1.17454e-13 0 0 0 -0.00973333 0.00292 0.00292 0 0 0 0 0 0 0 0 0 0 0 0 0 0 0 0 0 0
374 -0.00986667 0.00296 0.00296 0 0 0 -197.333 -1.19791e-13 -1.19791e-13 0 0 0 -0.00986667 0.00296 0.00296 0 0 0 0 0 0 0 0 0 0 0 0 0 0 0 0 0 0
375 -0.01 0.003 0.003 0 0 0 -200 -2.5252e-14 -2.5252e-14 0 0 0 -0.01 0.003 0.003 0 0 0 0 0 0 0 0 0 0 0 0 0 0 0 0 0 0
376 -0.0101333 0.00304 0.00304 0 0 0 -202.667 1.18158e-13 1.18158e-13 0 0 0 -0.0101333 0.00304 0.00304 0 0 0 0 0 0 0 0 0 0 0 0 0 0 0 0 0 0
377 -0.0102667 0.00308 0.00308 0 0 0 -205.333 1.29166e-13 1.29166e-13 0 0 0 -0.0102667 0.00308 0.00308 0 0 0 0 0 0 0 0 0 0 0 0 0 0 0 0 0 0
378 -0.0104 0.00312 0.00312 0 0 0 -208 9.07068e-15 9.07068e-15 0 0 0 -0.0104 0.00312 0.00312 0 0 0 0 0 0 0 0 0 0 0 0 0 0 0 0 0 0
379 -0.0105333 0.00316 0.00316 0 0 0 -210.667 -1.11458e-13 -1.11458e-13 0 0 0 -0.0105333 0.00316 0.00316 0 0 0 0 0 0 0 0 0 0 0 0 0 0 0 0 0 0
380 -0.0106667 0.0032 0.0032 0 0 0 -213.333 -1.06255e-13 -1.06255e-13 0 0 0 -0.0106667 0.0032 0.0032 0 0 0 0 0 0 0 0 0 0 0 0 0 0 0 0 0 0
381 -0.0108 0.00324 0.00324 0 0 0 -216 -2.63607e-14 -2.63607e-14 0 0 0 -0.0108 0.00324 0.00324 0 0 0 0 0 0 0 0 0 0 0 0 0 0 0 0 0 0
382 -0.0109333 0.00328 0.00328 0 0 0 -218.667 1.10377e-13 1.10377e-13 0 0 0 -0.0109333 0.00328 0.00328 0 0 0 0 0 0 0 0 0 0 0 0 0 0 0 0 0 0
383 -0.0110667 0.00332 0.00332 0 0 0 -221.333 1.21385e-13 1.21385e-13 0 0 0 -0.0110667 0.00332 0.00332 0 0 0 0 0 0 0 0 0 0 0 0 0 0 0 0 0 0
384 -0.0112 0.00336 0.00336 0 0 0 -224 1.50674e-14 1.50674e-14 0 0 0 -0.0112 0.00336 0.00336 0 0 0 0 0 0 0 0 0 0 0 0 0 0 0 0 0 0
385 -0.0113333 0.0034 0.0034 0 0 0 -226.667 -8.41446e-14 -8.41446e-14 0 0 0 -0.0113333 0.0034 0.0034 0 0 0 0 0 0 0 0 0 0 0 0 0 0 0 0 0 0
386 -0.0114667 0.00344 0.00344 0 0 0 -229.333 -1.14036e-13 -1.14036e-13 0 0 0 -0.0114667 0.00344 0.00344 0 0 0 0 0 0 0 0 0 0 0 0 0 0 0 0 0 0
387 -0.0116 0.00348 0.00348 0 0 0 -232 -4.08134e-14 -4.08134e-14 0 0 0 -0.0116 0.00348 0.00348 0 0 0 0 0 0 0 0 0 0 0 0 0 0 0 0 0 0
388 -0.0117333 0.00352 0.00352 0 0 0 -234.667 6.7503e-14 6.7503e-14 0 0 0 -0.0117333 0.00352 0.00352 0 0 0 0 0 0 0 0 0 0 0 0 0 0 0 0 0 0
389 -0.0118667 0.00356 0.00356 0 0 0 -237.333 1.20276e-13 1.20276e-13 0 0 0 -0.0118667 0.00356 0.00356 0 0 0 0 0 0 0 0 0 0 0 0 0 0 0 0 0 0
390 -0.012 0.0036 0.0036 0 0 0 -240 6.99354e-14 6.99354e-14 0 0 0 -0.012 0.0036 0.0036 0 0 0 0 0 0 0 0 0 0 0 0 0 0 0 0 0 0
391 -0.0121333 0.00364 0.00364 0 0 0 -242.667 -5.68316e-14 -5.68316e-14 0 0 0 -0.0121333 0.00364 0.00364 0 0 0 0 0 0 0 0 0 0 0 0 0 0 0 0 0 0
392 -0.0122667 0.00368 0.00368 0 0 0 -245.333 -1.21817e-13 -1.21817e-13 0 0 0 -0.0122667 0.00368 0.00368 0 0 0 0 0 0 0 0 0 0 0 0 0 0 0 0 0 0
393 -0.0124 0.00372 0.00372 0 0 0 -248 -8.99264e-14 -8.99264e-14 0 0 0 -0.0124 0.00372 0.00372 0 0 0 0 0 0 0 0 0 0 0 0 0 0 0 0 0 0
394 -0.0125333 0.00376 0.00376 0 0 0 -250.667 6.68278e-14 6.68278e-14 0 0 0 -0.0125333 0.00376 0.00376 0 0 0 0 0 0 0 0 0 0 0 0 0 0 0 0 0 0
395 -0.0126667 0.0038 0.0038 0 0 0 -253.333 1.68906e-13 1.68906e-13 0 0 0 -0.0126667 0.0038 0.0038 0 0 0 0 0 0 0 0 0 0 0 0 0 0 0 0 0 0
396 -0.0128 0.00384 0.00384 0 0 0 -256 6.88267e-14 6.88267e-14 0 0 0 -0.0128 0.00384 0.00384 0 0 0 0 0 0 0 0 0 0 0 0 0 0 0 0 0 0
397 -0.0129333 0.00388 0.00388 0 0 0 -258.667 -5.75068e-14 -5.75068e-14 0 0 0 -0.0129333 0.00388 0.00388 0 0 0 0 0 0 0 0 0 0 0 0 0 0 0 0 0 0
398 -0.0130667 0.00392 0.00392 0 0 0 -261.333 -1.64691e-13 -1.64691e-13 0 0 0 -0.0130667 0.00392 0.00392 0 0 0 0 0 0 0 0 0 0 0 0 0 0 0 0 0 0
399 -0.0132 0.00396 0.00396 0 0 0 -264 -9.72736e-14 -9.72736e-14 0 0 0 -0.0132 0.00396 0.00396 0 0 0 0 0 0 0 0 0 0 0 0 0 0 0 0 0 0
400 -0.0133333 0.004 0.004 0 0 0 -266.667 5.90471e-14 5.90471e-14 0 0 0 -0.0133333 0.004 0.004 0 0 0 0 0 0 0 0 0 0 0 0 0 0 0 0 0 0
401 -0.0134667 0.00404 0.00404 0 0 0 -269.333 1.8868e-13 1.8868e-13 0 0 0 -0.0134667 0.00404 0.00404 0 0 0 0 0 0 0 0 0 0 0 0 0 0 0 0 0 0
402 -0.0136 0.00408 0.00408 0 0 0 -272 1.23695e-13 1.23695e-13 0 0 0 -0.0136 0.00408 0.00408 0 0 0 0 0 0 0 0 0 0 0 0 0 0 0 0 0 0
403 -0.0137333 0.00412 0.00412 0 0 0 -274.667 -5.86155e-14 -5.86155e-14 0 0 0 -0.0137333 0.00412 0.00412 0 0 0 0 0 0 0 0 0 0 0 0 0 0 0 0 0 0
404 -0.0138667 0.00416 0.00416 0 0 0 -277.333 -1.85816e-13 -1.85816e-13 0 0 0 -0.0138667 0.00416 0.00416 0 0 0 0 0 0 0 0 0 0 0 0 0 0 0 0 0 0
405 -0.014 0.0042 0.0042 0 0 0 -280 -1.53925e-13 -1.53925e-13 0 0 0 -0.014 0.0042 0.0042 0 0 0 0 0 0 0 0 0 0 0 0 0 0 0 0 0 0
406 -0.0141333 0.00424 0.00424 0 0 0 -282.667 4.4161e-14 4.4161e-14 0 0 0 -0.0141333 0.00424 0.00424 0 0 0 0 0 0 0 0 0 0 0 0 0 0 0 0 0 0
407 -0.0142667 0.00428 0.00428 0 0 0 -285.333 2.01349e-13 2.01349e-13 0 0 0 -0.0142667 0.00428 0.00428 0 0 0 0 0 0 0 0 0 0 0 0 0 0 0 0 0 0
408 -0.0144 0.00432 0.00432 0 0 0 -288 1.78996e-13 1.78996e-13 0 0 0 -0.0144 0.00432 0.00432 0 0 0 0 0 0 0 0 0 0 0 0 0 0 0 0 0 0
409 -0.0145333 0.00436 0.00436 0 0 0 -290.667 -6.63962e-14 -6.63962e-14 0 0 0 -0.0145333 0.00436 0.00436 0 0 0 0 0 0 0 0 0 0 0 0 0 0 0 0 0 0
410 -0.0146667 0.0044 0.0044 0 0 0 -293.333 -2.41601e-13 -2.41601e-13 0 0 0 -0.0146667 0.0044 0.0044 0 0 0 0 0 0 0 0 0 0 0 0 0 0 0 0 0 0
411 -0.0148 0.00444 0.00444 0 0 0 -296 -1.82156e-13 -1.82156e-13 0 0 0 -0.0148 0.00444 0.00444 0 0 0 0 0 0 0 0 0 0 0 0 0 0 0 0 0 0
412 -0.0149333 0.00448 0.00448 0 0 0 -298.667 8.61183e-14 8.61183e-14 0 0 0 -0.0149333 0.00448 0.00448 0 0 0 0 0 0 0 0 0 0 0 0 0 0 0 0 0 0
413 -0.0150667 0.00452 0.00452 0 0 0 -301.333 2.42439e-13 2.42439e-13 0 0 0 -0.0150667 0.00452 0.00452 0 0 0 0 0 0 0 0 0 0 0 0 0 0 0 0 0 0
414 -0.0152 0.00456 0.00456 0 0 0 -304 1.78321e-13 1.78321e-13 0 0 0 -0.0152 0.00456 0.00456 0 0 0 0 0 0 0 0 0 0 0 0 0 0 0 0 0 0
415 -0.0153333 0.0046 0.0046 0 0 0 -306.667 -1.08837e-13 -1.08837e-13 0 0 0 -0.0153333 0.0046 0.0046 0 0 0 0 0 0 0 0 0 0 0 0 0 0 0 0 0 0
416 -0.0154667 0.00464 0.00464 0 0 0 -309.333 -2.56487e-13 -2.56487e-13 0 0 0 -0.0154667 0.00464 0.00464 0 0 0 0 0 0 0 0 0 0 0 0 0 0 0 0 0 0
417 -0.0156 0.00468 0.00468 0 0 0 -312 -1.55276e-13 -1.55276e-13 0 0 0 -0.0156 0.00468 0.00468 0 0 0 0 0 0 0 0 0 0 0 0 0 0 0 0 0 0
418 -0.0157333 0.00472 0.00472 0 0 0 -314.667 5.61545e-14 5.61545e-14 0 0 0 -0.0157333 0.00472 0.00472 0 0 0 0 0 0 0 0 0 0 0 0 0 0 0 0 0 0
419 -0.0158667 0.00476 0.00476 0 0 0 -317.333 2.40897e-13 2.40897e-13 0 0 0 -0.0158667 0.00476 0.00476 0 0 0 0 0 0 0 0 0 0 0 0 0 0 0 0 0 0
420 -0.016 0.0048 0.0048 0 0 0 -320 1.75912e-13 1.75912e-13 0 0 0 -0.016 0.0048 0.0048 0 0 0 0 0 0 0 0 0 0 0 0 0 0 0 0 0 0
421 -0.0161333 0.00484 0.00484 0 0 0 -322.667 -6.94803e-14 -6.94803e-14 0 0 0 -0.0161333 0.00484 0.00484 0 0 0 0 0 0 0 0 0 0 0 0 0 0 0 0 0 0
422 -0.0162667 0.00488 0.00488 0 0 0 -325.333 -2.46419e-13 -2.46419e-13 0 0 0 -0.0162667 0.00488 0.00488 0 0 0 0 0 0 0 0 0 0 0 0 0 0 0 0 0 0
423 -0.0164 0.00492 0.00492 0 0 0 -328 -1.72763e-13 -1.72763e-13 0 0 0 -0.0164 0.00492 0.00492 0 0 0 0 0 0 0 0 0 0 0 0 0 0 0 0 0 0
424 -0.0165333 0.00496 0.00496 0 0 0 -330.667 3.86679e-14 3.86679e-14 0 0 0 -0.0165333 0.00496 0.00496 0 0 0 0 0 0 0 0 0 0 0 0 0 0 0 0 0 0
425 -0.0166667 0.005 0.005 0 0 0 -333.333 2.50965e-13 2.50965e-13 0 0 0 -0.0166667 0.005 0.005 0 0 0 0 0 0 0 0 0 0 0 0 0 0 0 0 0 0
426 -0.0168 0.00504 0.00504 0 0 0 -336 1.8598e-13 1.8598e-13 0 0 0 -0.0168 0.00504 0.00504 0 0 0 0 0 0 0 0 0 0 0 0 0 0 0 0 0 0
427 -0.0169333 0.00508 0.00508 0 0 0 -338.667 -6.02789e-14 -6.02789e-14 0 0 0 -0.0169333 0.00508 0.00508 0 0 0 0 0 0 0 0 0 0 0 0 0 0 0 0 0 0
428 -0.0170667 0.00512 0.00512 0 0 0 -341.333 -2.2214e-13 -2.2214e-13 0 0 0 -0.0170667 0.00512 0.00512 0 0 0 0 0 0 0 0 0 0 0 0 0 0 0 0 0 0
429 -0.0172 0.00516 0.00516 0 0 0 -344 -1.48483e-13 -1.48483e-13 0 0 0 -0.0172 0.00516 0.00516 0 0 0 0 0 0 0 0 0 0 0 0 0 0 0 0 0 0
430 -0.0173333 0.0052 0.0052 0 0 0 -346.667 4.9603e-14 4.9603e-14 0 0 0 -0.0173333 0.0052 0.0052 0 0 0 0 0 0 0 0 0 0 0 0 0 0 0 0 0 0
431 -0.0174667 0.00524 0.00524 0 0 0 -349.333 2.05057e-13 2.05057e-13 0 0 0 -0.0174667 0.00524 0.00524 0 0 0 0 0 0 0 0 0 0 0 0 0 0 0 0 0 0
432 -0.0176 0.00528 0.00528 0 0 0 -352 1.81838e-13 1.81838e-13 0 0 0 -0.0176 0.00528 0.00528 0 0 0 0 0 0 0 0 0 0 0 0 0 0 0 0 0 0
433 -0.0177333 0.00532 0.00532 0 0 0 -354.667 -7.57802e-15 -7.57802e-15 0 0 0 -0.0177333 0.00532 0.00532 0 0 0 0 0 0 0 0 0 0 0 0 0 0 0 0 0 0
434 -0.0178667 0.00536 0.00536 0 0 0 -357.333 -2.11204e-13 -2.11204e-13 0 0 0 -0.0178667 0.00536 0.00536 0 0 0 0 0 0 0 0 0 0 0 0 0 0 0 0 0 0
435 -0.018 0.0054 0.0054 0 0 0 -360 -1.80181e-13 -1.80181e-13 0 0 0 -0.018 0.0054 0.0054 0 0 0 0 0 0 0 0 0 0 0 0 0 0 0 0 0 0
436 -0.0181333 0.00544 0.00544 0 0 0 -362.667 1.79056e-14 1.79056e-14 0 0 0 -0.0181333 0.00544 0.00544 0 0 0 0 0 0 0 0 0 0 0 0 0 0 0 0 0 0
437 -0.0182667 0.00548 0.00548 0 0 0 -365.333 1.74226e-13 1.74226e-13 0 0 0 -0.0182667 0.00548 0.00548 0 0 0 0 0 0 0 0 0 0 0 0 0 0 0 0 0 0
438 -0.0184 0.00552 0.00552 0 0 0 -368 1.64351e-13 1.64351e-13 0 0 0 -0.0184 0.00552 0.00552 0 0 0 0 0 0 0 0 0 0 0 0 0 0 0 0 0 0
439 -0.0185333 0.00556 0.00556 0 0 0 -370.667 -1.17206e-14 -1.17206e-14 0 0 0 -0.0185333 0.00556 0.00556 0 0 0 0 0 0 0 0 0 0 0 0 0 0 0 0 0 0
440 -0.0186667 0.0056 0.0056 0 0 0 -373.333 -1.32682e-13 -1.32682e-13 0 0 0 -0.0186667 0.0056 0.0056 0 0 0 0 0 0 0 0 0 0 0 0 0 0 0 0 0 0
441 -0.0188 0.00564 0.00564 0 0 0 -376 -1.42558e-13 -1.42558e-13 0 0 0 -0.0188 0.00564 0.00564 0 0 0 0 0 0 0 0 0 0 0 0 0 0 0 0 0 0
442 -0.0189333 0.00568 0.00568 0 0 0 -378.667 4.18991e-16 4.18991e-16 0 0 0 -0.0189333 0.00568 0.00568 0 0 0 0 0 0 0 0 0 0 0 0 0 0 0 0 0 0
443 -0.0190667 0.00572 0.00572 0 0 0 -381.333 1.29185e-13 1.29185e-13 0 0 0 -0.0190667 0.00572 0.00572 0 0 0 0 0 0 0 0 0 0 0 0 0 0 0 0 0 0
444 -0.0192 0.00576 0.00576 0 0 0 -384 1.18443e-13 1.18443e-13 0 0 0 -0.0192 0.00576 0.00576 0 0 0 0 0 0 0 0 0 0 0 0 0 0 0 0 0 0
445 -0.0193333 0.0058 0.0058 0 0 0 -386.667 -1.65229e-15 -1.65229e-15 0 0 0 -0.0193333 0.0058 0.0058 0 0 0 0 0 0 0 0 0 0 0 0 0 0 0 0 0 0
446 -0.0194667 0.00584 0.00584 0 0 0 -389.333 -1.50169e-13 -1.50169e-13 0 0 0 -0.0194667 0.00584 0.00584 0 0 0 0 0 0 0 0 0 0 0 0 0 0 0 0 0 0
447 -0.0196 0.00588 0.00588 0 0 0 -392 -1.04068e-13 -1.04068e-13 0 0 0 -0.0196 0.00588 0.00588 0 0 0 0 0 0 0 0 0 0 0 0 0 0 0 0 0 0
448 -0.0197333 0.00592 0.00592 0 0 0 -394.667 3.80422e-14 3.80422e-14 0 0 0 -0.0197333 0.00592 0.00592 0 0 0 0 0 0 0 0 0 0 0 0 0 0 0 0 0 0
449 -0.0198667 0.00596 0.00596 0 0 0 -397.333 1.10831e-13 1.10831e-13 0 0 0 -0.0198667 0.00596 0.00596 0 0 0 0 0 0 0 0 0 0 0 0 0 0 0 0 0 0
450 -0.02 0.006 0.006 0 0 0 -400 1.15167e-13 1.15167e-13 0 0 0 -0.02 0.006 0.006 0 0 0 0 0 0 0 0 0 0 0 0 0 0 0 0 0 0
451 -0.0198667 0.00596 0.00596 0 0 0 -397.333 5.57217e-14 5.57217e-14 0 0 0 -0.0198667 0.00596 0.00596 0 0 0 0 0 0 0 0 0 0 0 0 0 0 0 0 0 0
452 -0.0197333 0.00592 0.00592 0 0 0 -394.667 -8.7255e-14 -8.7255e-14 0 0 0 -0.0197333 0.00592 0.00592 0 0 0 0 0 0 0 0 0 0 0 0 0 0 0 0 0 0
453 -0.0196 0.00588 0.00588 0 0 0 -392 -1.33356e-13 -1.33356e-13 0 0 0 -0.0196 0.00588 0.00588 0 0 0 0 0 0 0 0 0 0 0 0 0 0 0 0 0 0
454 -0.0194667 0.00584 0.00584 0 0 0 -389.333 -2.57385e-14 -2.57385e-14 0 0 0 -0.0194667 0.00584 0.00584 0 0 0 0 0 0 0 0 0 0 0 0 0 0 0 0 0 0
455 -0.0193333 0.0058 0.0058 0 0 0 -386.667 1.36989e-13 1.36989e-13 0 0 0 -0.0193333 0.0058 0.0058 0 0 0 0 0 0 0 0 0 0 0 0 0 0 0 0 0 0
456 -0.0192 0.00576 0.00576 0 0 0 -384 1.18443e-13 1.18443e-13 0 0 0 -0.0192 0.00576 0.00576 0 0 0 0 0 0 0 0 0 0 0 0 0 0 0 0 0 0
457 -0.0190667 0.00572 0.00572 0 0 0 -381.333 3.88763e-15 3.88763e-15 0 0 0 -0.0190667 0.00572 0.00572 0 0 0 0 0 0 0 0 0 0 0 0 0 0 0 0 0 0
458 -0.0189333 0.00568 0.00568 0 0 0 -378.667 -1.38222e-13 -1.38222e-13 0 0 0 -0.0189333 0.00568 0.00568 0 0 0 0 0 0 0 0 0 0 0 0 0 0 0 0 0 0
459 -0.0188 0.00564 0.00564 0 0 0 -376 -1.42558e-13 -1.42558e-13 0 0 0 -0.0188 0.00564 0.00564 0 0 0 0 0 0 0 0 0 0 0 0 0 0 0 0 0 0
460 -0.0186667 0.0056 0.0056 0 0 0 -373.333 -8.25194e-15 -8.25194e-15 0 0 0 -0.0186667 0.0056 0.0056 0 0 0 0 0 0 0 0 0 0 0 0 0 0 0 0 0 0
461 -0.0185333 0.00556 0.00556 0 0 0 -370.667 1.26054e-13 1.26054e-13 0 0 0 -0.0185333 0.00556 0.00556 0 0 0 0 0 0 0 0 0 0 0 0 0 0 0 0 0 0
462 -0.0184 0.00552 0.00552 0 0 0 -368 1.51007e-13 1.51007e-13 0 0 0 -0.0184 0.00552 0.00552 0 0 0 0 0 0 0 0 0 0 0 0 0 0 0 0 0 0
463 -0.0182667 0.00548 0.00548 0 0 0 -365.333 -6.18066e-15 -6.18066e-15 0 0 0 -0.0182667 0.00548 0.00548 0 0 0 0 0 0 0 0 0 0 0 0 0 0 0 0 0 0
464 -0.0181333 0.00544 0.00544 0 0 0 -362.667 -1.20736e-13 -1.20736e-13 0 0 0 -0.0181333 0.00544 0.00544 0 0 0 0 0 0 0 0 0 0 0 0 0 0 0 0 0 0
465 -0.018 0.0054 0.0054 0 0 0 -360 -1.39282e-13 -1.39282e-13 0 0 0 -0.018 0.0054 0.0054 0 0 0 0 0 0 0 0 0 0 0 0 0 0 0 0 0 0
466 -0.0178667 0.00536 0.00536 0 0 0 -357.333 1.01015e-14 1.01015e-14 0 0 0 -0.0178667 0.00536 0.00536 0 0 0 0 0 0 0 0 0 0 0 0 0 0 0 0 0 0
467 -0.0177333 0.00532 0.00532 0 0 0 -354.667 1.44407e-13 1.44407e-13 0 0 0 -0.0177333 0.00532 0.00532 0 0 0 0 0 0 0 0 0 0 0 0 0 0 0 0 0 0
468 -0.0176 0.00528 0.00528 0 0 0 -352 1.40072e-13 1.40072e-13 0 0 0 -0.0176 0.00528 0.00528 0 0 0 0 0 0 0 0 0 0 0 0 0 0 0 0 0 0
469 -0.0174667 0.00524 0.00524 0 0 0 -349.333 1.13059e-14 1.13059e-14 0 0 0 -0.0174667 0.00524 0.00524 0 0 0 0 0 0 0 0 0 0 0 0 0 0 0 0 0 0
470 -0.0173333 0.0052 0.0052 0 0 0 -346.667 -1.1746e-13 -1.1746e-13 0 0 0 -0.0173333 0.0052 0.0052 0 0 0 0 0 0 0 0 0 0 0 0 0 0 0 0 0 0
471 -0.0172 0.00516 0.00516 0 0 0 -344 -1.48483e-13 -1.48483e-13 0 0 0 -0.0172 0.00516 0.00516 0 0 0 0 0 0 0 0 0 0 0 0 0 0 0 0 0 0
472 -0.0170667 0.00512 0.00512 0 0 0 -341.333 -1.41777e-14 -1.41777e-14 0 0 0 -0.0170667 0.00512 0.00512 0 0 0 0 0 0 0 0 0 0 0 0 0 0 0 0 0 0
473 -0.0169333 0.00508 0.00508 0 0 0 -338.667 1.20128e-13 1.20128e-13 0 0 0 -0.0169333 0.00508 0.00508 0 0 0 0 0 0 0 0 0 0 0 0 0 0 0 0 0 0
474 -0.0168 0.00504 0.00504 0 0 0 -336 1.15793e-13 1.15793e-13 0 0 0 -0.0168 0.00504 0.00504 0 0 0 0 0 0 0 0 0 0 0 0 0 0 0 0 0 0
475 -0.0166667 0.005 0.005 0 0 0 -333.333 -2.63172e-14 -2.63172e-14 0 0 0 -0.0166667 0.005 0.005 0 0 0 0 0 0 0 0 0 0 0 0 0 0 0 0 0 0
476 -0.0165333 0.00496 0.00496 0 0 0 -330.667 -1.13317e-13 -1.13317e-13 0 0 0 -0.0165333 0.00496 0.00496 0 0 0 0 0 0 0 0 0 0 0 0 0 0 0 0 0 0
477 -0.0164 0.00492 0.00492 0 0 0 -328 -1.17653e-13 -1.17653e-13 0 0 0 -0.0164 0.00492 0.00492 0 0 0 0 0 0 0 0 0 0 0 0 0 0 0 0 0 0
478 -0.0162667 0.00488 0.00488 0 0 0 -325.333 1.6653e-14 1.6653e-14 0 0 0 -0.0162667 0.00488 0.00488 0 0 0 0 0 0 0 0 0 0 0 0 0 0 0 0 0 0
479 -0.0161333 0.00484 0.00484 0 0 0 -322.667 1.24271e-13 1.24271e-13 0 0 0 -0.0161333 0.00484 0.00484 0 0 0 0 0 0 0 0 0 0 0 0 0 0 0 0 0 0
480 -0.016 0.0048 0.0048 0 0 0 -320 9.23803e-14 9.23803e-14 0 0 0 -0.016 0.0048 0.0048 0 0 0 0 0 0 0 0 0 0 0 0 0 0 0 0 0 0
481 -0.0158667 0.00476 0.00476 0 0 0 -317.333 -2.21747e-14 -2.21747e-14 0 0 0 -0.0158667 0.00476 0.00476 0 0 0 0 0 0 0 0 0 0 0 0 0 0 0 0 0 0
482 -0.0157333 0.00472 0.00472 0 0 0 -314.667 -1.37596e-13 -1.37596e-13 0 0 0 -0.0157333 0.00472 0.00472 0 0 0 0 0 0 0 0 0 0 0 0 0 0 0 0 0 0
483 -0.0156 0.00468 0.00468 0 0 0 -312 -1.14377e-13 -1.14377e-13 0 0 0 -0.0156 0.00468 0.00468 0 0 0 0 0 0 0 0 0 0 0 0 0 0 0 0 0 0
484 -0.0154667 0.00464 0.00464 0 0 0 -309.333 -8.49302e-15 -8.49302e-15 0 0 0 -0.0154667 0.00464 0.00464 0 0 0 0 0 0 0 0 0 0 0 0 0 0 0 0 0 0
485 -0.0153333 0.0046 0.0046 0 0 0 -306.667 1.54234e-13 1.54234e-13 0 0 0 -0.0153333 0.0046 0.0046 0 0 0 0 0 0 0 0 0 0 0 0 0 0 0 0 0 0
486 -0.0152 0.00456 0.00456 0 0 0 -304 1.35688e-13 1.35688e-13 0 0 0 -0.0152 0.00456 0.00456 0 0 0 0 0 0 0 0 0 0 0 0 0 0 0 0 0 0
487 -0.0150667 0.00452 0.00452 0 0 0 -301.333 -4.90543e-14 -4.90543e-14 0 0 0 -0.0150667 0.00452 0.00452 0 0 0 0 0 0 0 0 0 0 0 0 0 0 0 0 0 0
488 -0.0149333 0.00448 0.00448 0 0 0 -298.667 -1.78687e-13 -1.78687e-13 0 0 0 -0.0149333 0.00448 0.00448 0 0 0 0 0 0 0 0 0 0 0 0 0 0 0 0 0 0
489 -0.0148 0.00444 0.00444 0 0 0 -296 -1.13702e-13 -1.13702e-13 0 0 0 -0.0148 0.00444 0.00444 0 0 0 0 0 0 0 0 0 0 0 0 0 0 0 0 0 0
490 -0.0146667 0.0044 0.0044 0 0 0 -293.333 8.99246e-14 8.99246e-14 0 0 0 -0.0146667 0.0044 0.0044 0 0 0 0 0 0 0 0 0 0 0 0 0 0 0 0 0 0
491 -0.0145333 0.00436 0.00436 0 0 0 -290.667 1.82465e-13 1.82465e-13 0 0 0 -0.0145333 0.00436 0.00436 0 0 0 0 0 0 0 0 0 0 0 0 0 0 0 0 0 0
492 -0.0144 0.00432 0.00432 0 0 0 -288 9.45977e-14 9.45977e-14 0 0 0 -0.0144 0.00432 0.00432 0 0 0 0 0 0 0 0 0 0 0 0 0 0 0 0 0 0
493 -0.0142667 0.00428 0.00428 0 0 0 -285.333 -6.17231e-14 -6.17231e-14 0 0 0 -0.0142667 0.00428 0.00428 0 0 0 0 0 0 0 0 0 0 0 0 0 0 0 0 0 0
494 -0.0141333 0.00424 0.00424 0 0 0 -282.667 -1.91356e-13 -1.91356e-13 0 0 0 -0.0141333 0.00424 0.00424 0 0 0 0 0 0 0 0 0 0 0 0 0 0 0 0 0 0
495 -0.014 0.0042 0.0042 0 0 0 -280 -1.26371e-13 -1.26371e-13 0 0 0 -0.014 0.0042 0.0042 0 0 0 0 0 0 0 0 0 0 0 0 0 0 0 0 0 0
496 -0.0138667 0.00416 0.00416 0 0 0 -277.333 4.88341e-14 4.88341e-14 0 0 0 -0.0138667 0.00416 0.00416 0 0 0 0 0 0 0 0 0 0 0 0 0 0 0 0 0 0
497 -0.0137333 0.00412 0.00412 0 0 0 -274.667 1.90245e-13 1.90245e-13 0 0 0 -0.0137333 0.00412 0.00412 0 0 0 0 0 0 0 0 0 0 0 0 0 0 0 0 0 0
498 -0.0136 0.00408 0.00408 0 0 0 -272 1.44144e-13 1.44144e-13 0 0 0 -0.0136 0.00408 0.00408 0 0 0 0 0 0 0 0 0 0 0 0 0 0 0 0 0 0
499 -0.0134667 0.00404 0.00404 0 0 0 -269.333 -5.48092e-14 -5.48092e-14 0 0 0 -0.0134667 0.00404 0.00404 0 0 0 0 0 0 0 0 0 0 0 0 0 0 0 0 0 0
500 -0.0133333 0.004 0.004 0 0 0 -266.667 -1.83575e-13 -1.83575e-13 0 0 0 -0.0133333 0.004 0.004 0 0 0 0 0 0 0 0 0 0 0 0 0 0 0 0 0 0
501 -0.0132 0.00396 0.00396 0 0 0 -264 -1.39906e-13 -1.39906e-13 0 0 0 -0.0132 0.00396 0.00396 0 0 0 0 0 0 0 0 0 0 0 0 0 0 0 0 0 0
502 -0.0130667 0.00392 0.00392 0 0 0 -261.333 6.37202e-14 6.37202e-14 0 0 0 -0.0130667 0.00392 0.00392 0 0 0 0 0 0 0 0 0 0 0 0 0 0 0 0 0 0
503 -0.0129333 0.00388 0.00388 0 0 0 -258.667 2.18475e-13 2.18475e-13 0 0 0 -0.0129333 0.00388 0.00388 0 0 0 0 0 0 0 0 0 0 0 0 0 0 0 0 0 0
504 -0.0128 0.00384 0.00384 0 0 0 -256 1.51925e-13 1.51925e-13 0 0 0 -0.0128 0.00384 0.00384 0 0 0 0 0 0 0 0 0 0 0 0 0 0 0 0 0 0
505 -0.0126667 0.0038 0.0038 0 0 0 -253.333 -8.87943e-14 -8.87943e-14 0 0 0 -0.0126667 0.0038 0.0038 0 0 0 0 0 0 0 0 0 0 0 0 0 0 0 0 0 0
506 -0.0125333 0.00376 0.00376 0 0 0 -250.667 -2.03349e-13 -2.03349e-13 0 0 0 -0.0125333 0.00376 0.00376 0 0 0 0 0 0 0 0 0 0 0 0 0 0 0 0 0 0
507 -0.0124 0.00372 0.00372 0 0 0 -248 -1.38798e-13 -1.38798e-13 0 0 0 -0.0124 0.00372 0.00372 0 0 0 0 0 0 0 0 0 0 0 0 0 0 0 0 0 0
508 -0.0122667 0.00368 0.00368 0 0 0 -245.333 5.77234e-14 5.77234e-14 0 0 0 -0.0122667 0.00368 0.00368 0 0 0 0 0 0 0 0 0 0 0 0 0 0 0 0 0 0
509 -0.0121333 0.00364 0.00364 0 0 0 -242.667 1.84057e-13 1.84057e-13 0 0 0 -0.0121333 0.00364 0.00364 0 0 0 0 0 0 0 0 0 0 0 0 0 0 0 0 0 0
510 -0.012 0.0036 0.0036 0 0 0 -240 1.73483e-13 1.73483e-13 0 0 0 -0.012 0.0036 0.0036 0 0 0 0 0 0 0 0 0 0 0 0 0 0 0 0 0 0
511 -0.0118667 0.00356 0.00356 0 0 0 -237.333 -3.92479e-14 -3.92479e-14 0 0 0 -0.0118667 0.00356 0.00356 0 0 0 0 0 0 0 0 0 0 0 0 0 0 0 0 0 0
512 -0.0117333 0.00352 0.00352 0 0 0 -234.667 -1.95569e-13 -1.95569e-13 0 0 0 -0.0117333 0.00352 0.00352 0 0 0 0 0 0 0 0 0 0 0 0 0 0 0 0 0 0
513 -0.0116 0.00348 0.00348 0 0 0 -232 -1.86993e-13 -1.86993e-13 0 0 0 -0.0116 0.00348 0.00348 0 0 0 0 0 0 0 0 0 0 0 0 0 0 0 0 0 0
514 -0.0114667 0.00344 0.00344 0 0 0 -229.333 3.04104e-14 3.04104e-14 0 0 0 -0.0114667 0.00344 0.00344 0 0 0 0 0 0 0 0 0 0 0 0 0 0 0 0 0 0
515 -0.0113333 0.0034 0.0034 0 0 0 -226.667 2.26931e-13 2.26931e-13 0 0 0 -0.0113333 0.0034 0.0034 0 0 0 0 0 0 0 0 0 0 0 0 0 0 0 0 0 0
516 -0.0112 0.00336 0.00336 0 0 0 -224 1.66619e-13 1.66619e-13 0 0 0 -0.0112 0.00336 0.00336 0 0 0 0 0 0 0 0 0 0 0 0 0 0 0 0 0 0
517 -0.0110667 0.00332 0.00332 0 0 0 -221.333 -3.81392e-14 -3.81392e-14 0 0 0 -0.0110667 0.00332 0.00332 0 0 0 0 0 0 0 0 0 0 0 0 0 0 0 0 0 0
518 -0.0109333 0.00328 0.00328 0 0 0 -218.667 -2.44198e-13 -2.44198e-13 0 0 0 -0.0109333 0.00328 0.00328 0 0 0 0 0 0 0 0 0 0 0 0 0 0 0 0 0 0
519 -0.0108 0.00324 0.00324 0 0 0 -216 -1.85885e-13 -1.85885e-13 0 0 0 -0.0108 0.00324 0.00324 0 0 0 0 0 0 0 0 0 0 0 0 0 0 0 0 0 0
520 -0.0106667 0.0032 0.0032 0 0 0 -213.333 5.19685e-14 5.19685e-14 0 0 0 -0.0106667 0.0032 0.0032 0 0 0 0 0 0 0 0 0 0 0 0 0 0 0 0 0 0
521 -0.0105333 0.00316 0.00316 0 0 0 -210.667 2.27607e-13 2.27607e-13 0 0 0 -0.0105333 0.00316 0.00316 0 0 0 0 0 0 0 0 0 0 0 0 0 0 0 0 0 0
522 -0.0104 0.00312 0.00312 0 0 0 -208 1.81072e-13 1.81072e-13 0 0 0 -0.0104 0.00312 0.00312 0 0 0 0 0 0 0 0 0 0 0 0 0 0 0 0 0 0
523 -0.0102667 0.00308 0.00308 0 0 0 -205.333 -3.07919e-14 -3.07919e-14 0 0 0 -0.0102667 0.00308 0.00308 0 0 0 0 0 0 0 0 0 0 0 0 0 0 0 0 0 0
524 -0.0101333 0.00304 0.00304 0 0 0 -202.667 -2.15534e-13 -2.15534e-13 0 0 0 -0.0101333 0.00304 0.00304 0 0 0 0 0 0 0 0 0 0 0 0 0 0 0 0 0 0
525 -0.01 0.003 0.003 0 0 0 -200 -1.78104e-13 -1.78104e-13 0 0 0 -0.01 0.003 0.003 0 0 0 0 0 0 0 0 0 0 0 0 0 0 0 0 0 0
526 -0.00986667 0.00296 0.00296 0 0 0 -197.333 3.17609e-14 3.17609e-14 0 0 0 -0.00986667 0.00296 0.00296 0 0 0 0 0 0 0 0 0 0 0 0 0 0 0 0 0 0
527 -0.00973333 0.00292 0.00292 0 0 0 -194.667 2.07399e-13 2.07399e-13 0 0 0 -0.00973333 0.00292 0.00292 0 0 0 0 0 0 0 0 0 0 0 0 0 0 0 0 0 0
528 -0.0096 0.00288 0.00288 0 0 0 -192 1.88853e-13 1.88853e-13 0 0 0 -0.0096 0.00288 0.00288 0 0 0 0 0 0 0 0 0 0 0 0 0 0 0 0 0 0
529 -0.00946667 0.00284 0.00284 0 0 0 -189.333 -2.30112e-14 -2.30112e-14 0 0 0 -0.00946667 0.00284 0.00284 0 0 0 0 0 0 0 0 0 0 0 0 0 0 0 0 0 0
530 -0.00933333 0.0028 0.0028 0 0 0 -186.667 -2.07754e-13 -2.07754e-13 0 0 0 -0.00933333 0.0028 0.0028 0 0 0 0 0 0 0 0 0 0 0 0 0 0 0 0 0 0
531 -0.0092 0.00276 0.00276 0 0 0 -184 -1.84101e-13 -1.84101e-13 0 0 0 -0.0092 0.00276 0.00276 0 0 0 0 0 0 0 0 0 0 0 0 0 0 0 0 0 0
532 -0.00906667 0.00272 0.00272 0 0 0 -181.333 4.88126e-15 4.88126e-15 0 0 0 -0.00906667 0.00272 0.00272 0 0 0 0 0 0 0 0 0 0 0 0 0 0 0 0 0 0
533 -0.00893333 0.00268 0.00268 0 0 0 -178.667 1.93863e-13 1.93863e-13 0 0 0 -0.00893333 0.00268 0.00268 0 0 0 0 0 0 0 0 0 0 0 0 0 0 0 0 0 0
534 -0.0088 0.00264 0.00264 0 0 0 -176 1.96633e-13 1.96633e-13 0 0 0 -0.0088 0.00264 0.00264 0 0 0 0 0 0 0 0 0 0 0 0 0 0 0 0 0 0
535 -0.00866667 0.0026 0.0026 0 0 0 -173.333 -1.88654e-15 -1.88654e-15 0 0 0 -0.00866667 0.0026 0.0026 0 0 0 0 0 0 0 0 0 0 0 0 0 0 0 0 0 0
536 -0.00853333 0.00256 0.00256 0 0 0 -170.667 -1.99973e-13 -1.99973e-13 0 0 0 -0.00853333 0.00256 0.00256 0 0 0 0 0 0 0 0 0 0 0 0 0 0 0 0 0 0
537 -0.0084 0.00252 0.00252 0 0 0 -168 -1.97636e-13 -1.97636e-13 0 0 0 -0.0084 0.00252 0.00252 0 0 0 0 0 0 0 0 0 0 0 0 0 0 0 0 0 0
538 -0.00826667 0.00248 0.00248 0 0 0 -165.333 -1.1155e-15 -1.1155e-15 0 0 0 -0.00826667 0.00248 0.00248 0 0 0 0 0 0 0 0 0 0 0 0 0 0 0 0 0 0
539 -0.00813333 0.00244 0.00244 0 0 0 -162.667 1.87867e-13 1.87867e-13 0 0 0 -0.00813333 0.00244 0.00244 0 0 0 0 0 0 0 0 0 0 0 0 0 0 0 0 0 0
540 -0.008 0.0024 0.0024 0 0 0 -160 2.04414e-13 2.04414e-13 0 0 0 -0.008 0.0024 0.0024 0 0 0 0 0 0 0 0 0 0 0 0 0 0 0 0 0 0
541 -0.00786667 0.00236 0.00236 0 0 0 -157.333 2.6777e-14 2.6777e-14 0 0 0 -0.00786667 0.00236 0.00236 0 0 0 0 0 0 0 0 0 0 0 0 0 0 0 0 0 0
542 -0.00773333 0.00232 0.00232 0 0 0 -154.667 -1.99298e-13 -1.99298e-13 0 0 0 -0.00773333 0.00232 0.00232 0 0 0 0 0 0 0 0 0 0 0 0 0 0 0 0 0 0
543 -0.0076 0.00228 0.00228 0 0 0 -152 -2.17844e-13 -2.17844e-13 0 0 0 -0.0076 0.00228 0.00228 0 0 0 0 0 0 0 0 0 0 0 0 0 0 0 0 0 0
544 -0.00746667 0.00224 0.00224 0 0 0 -149.333 -2.84285e-14 -2.84285e-14 0 0 0 -0.00746667 0.00224 0.00224 0 0 0 0 0 0 0 0 0 0 0 0 0 0 0 0 0 0
545 -0.00733333 0.0022 0.0022 0 0 0 -146.667 1.95647e-13 1.95647e-13 0 0 0 -0.00733333 0.0022 0.0022 0 0 0 0 0 0 0 0 0 0 0 0 0 0 0 0 0 0
546 -0.0072 0.00216 0.00216 0 0 0 -144 2.18867e-13 2.18867e-13 0 0 0 -0.0072 0.00216 0.00216 0 0 0 0 0 0 0 0 0 0 0 0 0 0 0 0 0 0
547 -0.00706667 0.00212 0.00212 0 0 0 -141.333 3.45577e-14 3.45577e-14 0 0 0 -0.00706667 0.00212 0.00212 0 0 0 0 0 0 0 0 0 0 0 0 0 0 0 0 0 0
548 -0.00693333 0.00208 0.00208 0 0 0 -138.667 -1.98622e-13 -1.98622e-13 0 0 0 -0.00693333 0.00208 0.00208 0 0 0 0 0 0 0 0 0 0 0 0 0 0 0 0 0 0
549 -0.0068 0.00204 0.00204 0 0 0 -136 -2.30946e-13 -2.30946e-13 0 0 0 -0.0068 0.00204 0.00204 0 0 0 0 0 0 0 0 0 0 0 0 0 0 0 0 0 0
550 -0.00666667 0.002 0.002 0 0 0 -133.333 -2.06479e-14 -2.06479e-14 0 0 0 -0.00666667 0.002 0.002 0 0 0 0 0 0 0 0 0 0 0 0 0 0 0 0 0 0
551 -0.00653333 0.00196 0.00196 0 0 0 -130.667 2.03428e-13 2.03428e-13 0 0 0 -0.00653333 0.00196 0.00196 0 0 0 0 0 0 0 0 0 0 0 0 0 0 0 0 0 0
552 -0.0064 0.00192 0.00192 0 0 0 -128 2.26647e-13 2.26647e-13 0 0 0 -0.0064 0.00192 0.00192 0 0 0 0 0 0 0 0 0 0 0 0 0 0 0 0 0 0
553 -0.00626667 0.00188 0.00188 0 0 0 -125.333 2.12388e-14 2.12388e-14 0 0 0 -0.00626667 0.00188 0.00188 0 0 0 0 0 0 0 0 0 0 0 0 0 0 0 0 0 0
554 -0.00613333 0.00184 0.00184 0 0 0 -122.667 -1.97731e-13 -1.97731e-13 0 0 0 -0.00613333 0.00184 0.00184 0 0 0 0 0 0 0 0 0 0 0 0 0 0 0 0 0 0
555 -0.006 0.0018 0.0018 0 0 0 -120 -2.33607e-13 -2.33607e-13 0 0 0 -0.006 0.0018 0.0018 0 0 0 0 0 0 0 0 0 0 0 0 0 0 0 0 0 0
556 -0.00586667 0.00176 0.00176 0 0 0 -117.333 -2.35253e-14 -2.35253e-14 0 0 0 -0.00586667 0.00176 0.00176 0 0 0 0 0 0 0 0 0 0 0 0 0 0 0 0 0 0
557 -0.00573333 0.00172 0.00172 0 0 0 -114.667 2.03887e-13 2.03887e-13 0 0 0 -0.00573333 0.00172 0.00172 0 0 0 0 0 0 0 0 0 0 0 0 0 0 0 0 0 0
558 -0.0056 0.00168 0.00168 0 0 0 -112 2.44653e-13 2.44653e-13 0 0 0 -0.0056 0.00168 0.00168 0 0 0 0 0 0 0 0 0 0 0 0 0 0 0 0 0 0
559 -0.00546667 0.00164 0.00164 0 0 0 -109.333 2.88028e-14 2.88028e-14 0 0 0 -0.00546667 0.00164 0.00164 0 0 0 0 0 0 0 0 0 0 0 0 0 0 0 0 0 0
560 -0.00533333 0.0016 0.0016 0 0 0 -106.667 -2.00608e-13 -2.00608e-13 0 0 0 -0.00533333 0.0016 0.0016 0 0 0 0 0 0 0 0 0 0 0 0 0 0 0 0 0 0
561 -0.0052 0.00156 0.00156 0 0 0 -104 -2.3982e-13 -2.3982e-13 0 0 0 -0.0052 0.00156 0.00156 0 0 0 0 0 0 0 0 0 0 0 0 0 0 0 0 0 0
562 -0.00506667 0.00152 0.00152 0 0 0 -101.333 -3.30748e-14 -3.30748e-14 0 0 0 -0.00506667 0.00152 0.00152 0 0 0 0 0 0 0 0 0 0 0 0 0 0 0 0 0 0
563 -0.00493333 0.00148 0.00148 0 0 0 -98.6667 2.04778e-13 2.04778e-13 0 0 0 -0.00493333 0.00148 0.00148 0 0 0 0 0 0 0 0 0 0 0 0 0 0 0 0 0 0
564 -0.0048 0.00144 0.00144 0 0 0 -96 2.34887e-13 2.34887e-13 0 0 0 -0.0048 0.00144 0.00144 0 0 0 0 0 0 0 0 0 0 0 0 0 0 0 0 0 0
565 -0.00466667 0.0014 0.0014 0 0 0 -93.3333 3.65835e-14 3.65835e-14 0 0 0 -0.00466667 0.0014 0.0014 0 0 0 0 0 0 0 0 0 0 0 0 0 0 0 0 0 0
566 -0.00453333 0.00136 0.00136 0 0 0 -90.6667 -1.9638e-13 -1.9638e-13 0 0 0 -0.00453333 0.00136 0.00136 0 0 0 0 0 0 0 0 0 0 0 0 0 0 0 0 0 0
567 -0.0044 0.00132 0.00132 0 0 0 -88 -2.35593e-13 -2.35593e-13 0 0 0 -0.0044 0.00132 0.00132 0 0 0 0 0 0 0 0 0 0 0 0 0 0 0 0 0 0
568 -0.00426667 0.00128 0.00128 0 0 0 -85.3333 -3.92883e-14 -3.92883e-14 0 0 0 -0.00426667 0.00128 0.00128 0 0 0 0 0 0 0 0 0 0 0 0 0 0 0 0 0 0
569 -0.00413333 0.00124 0.00124 0 0 0 -82.6667 2.0567e-13 2.0567e-13 0 0 0 -0.00413333 0.00124 0.00124 0 0 0 0 0 0 0 0 0 0 0 0 0 0 0 0 0 0
570 -0.004 0.0012 0.0012 0 0 0 -80 2.35779e-13 2.35779e-13 0 0 0 -0.004 0.0012 0.0012 0 0 0 0 0 0 0 0 0 0 0 0 0 0 0 0 0 0
571 -0.00386667 0.00116 0.00116 0 0 0 -77.3333 3.72587e-14 3.72587e-14 0 0 0 -0.00386667 0.00116 0.00116 0 0 0 0 0 0 0 0 0 0 0 0 0 0 0 0 0 0
572 -0.00373333 0.00112 0.00112 0 0 0 -74.6667 -1.95488e-13 -1.95488e-13 0 0 0 -0.00373333 0.00112 0.00112 0 0 0 0 0 0 0 0 0 0 0 0 0 0 0 0 0 0
573 -0.0036 0.00108 0.00108 0 0 0 -72 -2.34484e-13 -2.34484e-13 0 0 0 -0.0036 0.00108 0.00108 0 0 0 0 0 0 0 0 0 0 0 0 0 0 0 0 0 0
574 -0.00346667 0.00104 0.00104 0 0 0 -69.3333 -4.15156e-14 -4.15156e-14 0 0 0 -0.00346667 0.00104 0.00104 0 0 0 0 0 0 0 0 0 0 0 0 0 0 0 0 0 0
575 -0.00333333 0.001 0.001 0 0 0 -66.6667 1.9989e-13 1.9989e-13 0 0 0 -0.00333333 0.001 0.001 0 0 0 0 0 0 0 0 0 0 0 0 0 0 0 0 0 0
576 -0.0032 0.00096 0.00096 0 0 0 -64 2.44101e-13 2.44101e-13 0 0 0 -0.0032 0.00096 0.00096 0 0 0 0 0 0 0 0 0 0 0 0 0 0 0 0 0 0
577 -0.00306667 0.00092 0.00092 0 0 0 -61.3333 3.89091e-14 3.89091e-14 0 0 0 -0.00306667 0.00092 0.00092 0 0 0 0 0 0 0 0 0 0 0 0 0 0 0 0 0 0
578 -0.00293333 0.00088 0.00088 0 0 0 -58.6667 -2.09716e-13 -2.09716e-13 0 0 0 -0.00293333 0.00088 0.00088 0 0 0 0 0 0 0 0 0 0 0 0 0 0 0 0 0 0
579 -0.0028 0.00084 0.00084 0 0 0 -56 -2.38162e-13 -2.38162e-13 0 0 0 -0.0028 0.00084 0.00084 0 0 0 0 0 0 0 0 0 0 0 0 0 0 0 0 0 0
580 -0.00266667 0.0008 0.0008 0 0 0 -53.3333 -4.00819e-14 -4.00819e-14 0 0 0 -0.00266667 0.0008 0.0008 0 0 0 0 0 0 0 0 0 0 0 0 0 0 0 0 0 0
581 -0.00253333 0.00076 0.00076 0 0 0 -50.6667 2.04877e-13 2.04877e-13 0 0 0 -0.00253333 0.00076 0.00076 0 0 0 0 0 0 0 0 0 0 0 0 0 0 0 0 0 0
582 -0.0024 0.00072 0.00072 0 0 0 -48 2.47311e-13 2.47311e-13 0 0 0 -0.0024 0.00072 0.00072 0 0 0 0 0 0 0 0 0 0 0 0 0 0 0 0 0 0
583 -0.00226667 0.00068 0.00068 0 0 0 -45.3333 4.21192e-14 4.21192e-14 0 0 0 -0.00226667 0.00068 0.00068 0 0 0 0 0 0 0 0 0 0 0 0 0 0 0 0 0 0
584 -0.00213333 0.00064 0.00064 0 0 0 -42.6667 -2.02954e-13 -2.02954e-13 0 0 0 -0.00213333 0.00064 0.00064 0 0 0 0 0 0 0 0 0 0 0 0 0 0 0 0 0 0
585 -0.002 0.0006 0.0006 0 0 0 -40 -2.52391e-13 -2.52391e-13 0 0 0 -0.002 0.0006 0.0006 0 0 0 0 0 0 0 0 0 0 0 0 0 0 0 0 0 0
586 -0.00186667 0.00056 0.00056 0 0 0 -37.3333 -4.73132e-14 -4.73132e-14 0 0 0 -0.00186667 0.00056 0.00056 0 0 0 0 0 0 0 0 0 0 0 0 0 0 0 0 0 0
587 -0.00173333 0.00052 0.00052 0 0 0 -34.6667 2.04534e-13 2.04534e-13 0 0 0 -0.00173333 0.00052 0.00052 0 0 0 0 0 0 0 0 0 0 0 0 0 0 0 0 0 0
588 -0.0016 0.00048 0.00048 0 0 0 -32 2.49416e-13 2.49416e-13 0 0 0 -0.0016 0.00048 0.00048 0 0 0 0 0 0 0 0 0 0 0 0 0 0 0 0 0 0
589 -0.00146667 0.00044 0.00044 0 0 0 -29.3333 4.76688e-14 4.76688e-14 0 0 0 -0.00146667 0.00044 0.00044 0 0 0 0 0 0 0 0 0 0 0 0 0 0 0 0 0 0
590 -0.00133333 0.0004 0.0004 0 0 0 -26.6667 -2.04401e-13 -2.04401e-13 0 0 0 -0.00133333 0.0004 0.0004 0 0 0 0 0 0 0 0 0 0 0 0 0 0 0 0 0 0
591 -0.0012 0.00036 0.00036 0 0 0 -24 -2.52116e-13 -2.52116e-13 0 0 0 -0.0012 0.00036 0.00036 0 0 0 0 0 0 0 0 0 0 0 0 0 0 0 0 0 0
592 -0.00106667 0.00032 0.00032 0 0 0 -21.3333 -4.61504e-14 -4.61504e-14 0 0 0 -0.00106667 0.00032 0.00032 0 0 0 0 0 0 0 0 0 0 0 0 0 0 0 0 0 0
593 -0.000933333 0.00028 0.00028 0 0 0 -18.6667 2.03867e-13 2.03867e-13 0 0 0 -0.000933333 0.00028 0.00028 0 0 0 0 0 0 0 0 0 0 0 0 0 0 0 0 0 0
594 -0.0008 0.00024 0.00024 0 0 0 -16 2.50525e-13 2.50525e-13 0 0 0 -0.0008 0.00024 0.00024 0 0 0 0 0 0 0 0 0 0 0 0 0 0 0 0 0 0
595 -0.000666667 0.0002 0.0002 0 0 0 -13.3333 4.70011e-14 4.70011e-14 0 0 0 -0.000666667 0.0002 0.0002 0 0 0 0 0 0 0 0 0 0 0 0 0 0 0 0 0 0
596 -0.000533333 0.00016 0.00016 0 0 0 -10.6667 -2.03265e-13 -2.03265e-13 0 0 0 -0.000533333 0.00016 0.00016 0 0 0 0 0 0 0 0 0 0 0 0 0 0 0 0 0 0
597 -0.0004 0.00012 0.00012 0 0 0 -8 -2.50786e-13 -2.50786e-13 0 0 0 -0.0004 0.00012 0.00012 0 0 0 0 0 0 0 0 0 0 0 0 0 0 0 0 0 0
598 -0.000266667 8e-05 8e-05 0 0 0 -5.33333 -4.6791e-14 -4.6791e-14 0 0 0 -0.000266667 8e-05 8e-05 0 0 0 0 0 0 0 0 0 0 0 0 0 0 0 0 0 0
599 -0.000133333 4e-05 4e-05 0 0 0 -2.66667 2.03731e-13 2.03731e-13 0 0 0 -0.000133333 4e-05 4e-05 0 0 0 0 0 0 0 0 0 0 0 0 0 0 0 0 0 0
600 5.42101e-19 1.46367e-18 1.46367e-18 0 0 0 1.33857e-13 2.50201e-13 2.50201e-13 0 0 0 -8.13152e-19 6.74916e-18 6.74916e-18 0 0 0 0 0 0 0 0 0 0 0 0 0 0 0 0 0 0
