# first column: time
# 2 column: 1th component of the strain (EXX)
# 3 column: 2th component of the strain (EYY)
# 4 column: 3th component of the strain (EZZ)
# 5 column: 4th component of the strain (EXY)
# 6 column: 5th component of the strain (EXZ)
# 7 column: 6th component of the strain (EYZ)
# 8 column: 1th component of the stress (SXX)
# 9 column: 2th component of the stress (SYY)
# 10 column: 3th component of the stress (SZZ)
# 11 column: 4th component of the stress (SXY)
# 12 column: 5th component of the stress (SXZ)
# 13 column: 6th component of the stress (SYZ)
# 14 column: first component of internal variable 'ElasticStrain' (ElasticStrainXX)
# 15 column: second component of internal variable 'ElasticStrain' (ElasticStrainYY)
# 16 column: third component of internal variable 'ElasticStrain' (ElasticStrainZZ)
# 17 column: fourth component of internal variable 'ElasticStrain' (ElasticStrainXY)
# 18 column: fifth component of internal variable 'ElasticStrain' (ElasticStrainXZ)
# 19 column: sixth component of internal variable 'ElasticStrain' (ElasticStrainYZ)
# 20 column: p
# 21 column: first component of internal variable 'a[0]' (a[0]XX)
# 22 column: second component of internal variable 'a[0]' (a[0]YY)
# 23 column: third component of internal variable 'a[0]' (a[0]ZZ)
# 24 column: fourth component of internal variable 'a[0]' (a[0]XY)
# 25 column: fifth component of internal variable 'a[0]' (a[0]XZ)
# 26 column: sixth component of internal variable 'a[0]' (a[0]YZ)
# 27 column: first component of internal variable 'a[1]' (a[1]XX)
# 28 column: second component of internal variable 'a[1]' (a[1]YY)
# 29 column: third component of internal variable 'a[1]' (a[1]ZZ)
# 30 column: fourth component of internal variable 'a[1]' (a[1]XY)
# 31 column: fifth component of internal variable 'a[1]' (a[1]XZ)
# 32 column: sixth component of internal variable 'a[1]' (a[1]YZ)
# 33 column: stored energy
# 34 column: disspated energy
0 0 0 0 0 0 0 0 0 0 0 0 0 0 0 0 0 0 0 0 0 0 0 0 0 0 0 0 0 0 0 0 0 0
0.00166667 8.33335e-08 -2.5e-08 -2.50001e-08 0 0 0 0 0 0 0 0 0 0 0 0 0 0 0 0 0 0 0 0 0 0 0 0 0 0 0 0 0 0
0.00333333 1.66667e-07 -4.99999e-08 -5e-08 0 0 0 0 0 0 0 0 0 0 0 0 0 0 0 0 0 0 0 0 0 0 0 0 0 0 0 0 0 0
0.005 2.5e-07 -7.5e-08 -7.5e-08 0 0 0 0 0 0 0 0 0 0 0 0 0 0 0 0 0 0 0 0 0 0 0 0 0 0 0 0 0 0
0.00666667 3.33334e-07 -1e-07 -1e-07 0 0 0 0 0 0 0 0 0 0 0 0 0 0 0 0 0 0 0 0 0 0 0 0 0 0 0 0 0 0
0.00833333 4.16666e-07 -1.25e-07 -1.25e-07 0 0 0 0 0 0 0 0 0 0 0 0 0 0 0 0 0 0 0 0 0 0 0 0 0 0 0 0 0 0
0.01 5e-07 -1.5e-07 -1.5e-07 0 0 0 0 0 0 0 0 0 0 0 0 0 0 0 0 0 0 0 0 0 0 0 0 0 0 0 0 0 0
0.0116667 5.83335e-07 -1.75001e-07 -1.75001e-07 0 0 0 0 0 0 0 0 0 0 0 0 0 0 0 0 0 0 0 0 0 0 0 0 0 0 0 0 0 0
0.0133333 6.66665e-07 -2e-07 -2e-07 0 0 0 0 0 0 0 0 0 0 0 0 0 0 0 0 0 0 0 0 0 0 0 0 0 0 0 0 0 0
0.015 7.5e-07 -2.25e-07 -2.25e-07 0 0 0 0 0 0 0 0 0 0 0 0 0 0 0 0 0 0 0 0 0 0 0 0 0 0 0 0 0 0
0.0166667 8.33335e-07 -2.50001e-07 -2.50001e-07 0 0 0 0 0 0 0 0 0 0 0 0 0 0 0 0 0 0 0 0 0 0 0 0 0 0 0 0 0 0
0.0183333 9.16665e-07 -2.75e-07 -2.75e-07 0 0 0 0 0 0 0 0 0 0 0 0 0 0 0 0 0 0 0 0 0 0 0 0 0 0 0 0 0 0
0.02 1e-06 -3e-07 -3e-07 0 0 0 0 0 0 0 0 0 0 0 0 0 0 0 0 0 0 0 0 0 0 0 0 0 0 0 0 0 0
0.0216667 1.08333e-06 -3.25e-07 -3.25e-07 0 0 0 0 0 0 0 0 0 0 0 0 0 0 0 0 0 0 0 0 0 0 0 0 0 0 0 0 0 0
0.0233333 1.16667e-06 -3.49999e-07 -3.49999e-07 0 0 0 0 0 0 0 0 0 0 0 0 0 0 0 0 0 0 0 0 0 0 0 0 0 0 0 0 0 0
0.025 1.25e-06 -3.75e-07 -3.75e-07 0 0 0 0 0 0 0 0 0 0 0 0 0 0 0 0 0 0 0 0 0 0 0 0 0 0 0 0 0 0
0.0266667 1.33334e-06 -4e-07 -4e-07 0 0 0 0 0 0 0 0 0 0 0 0 0 0 0 0 0 0 0 0 0 0 0 0 0 0 0 0 0 0
0.0283333 1.41667e-06 -4.24999e-07 -4.24999e-07 0 0 0 0 0 0 0 0 0 0 0 0 0 0 0 0 0 0 0 0 0 0 0 0 0 0 0 0 0 0
0.03 1.5e-06 -4.5e-07 -4.5e-07 0 0 0 0 0 0 0 0 0 0 0 0 0 0 0 0 0 0 0 0 0 0 0 0 0 0 0 0 0 0
0.0316667 1.58334e-06 -4.75e-07 -4.75e-07 0 0 0 0 0 0 0 0 0 0 0 0 0 0 0 0 0 0 0 0 0 0 0 0 0 0 0 0 0 0
0.0333333 1.66667e-06 -4.99999e-07 -4.99999e-07 0 0 0 0 0 0 0 0 0 0 0 0 0 0 0 0 0 0 0 0 0 0 0 0 0 0 0 0 0 0
0.035 1.75e-06 -5.25e-07 -5.25e-07 0 0 0 0 0 0 0 0 0 0 0 0 0 0 0 0 0 0 0 0 0 0 0 0 0 0 0 0 0 0
0.0366667 1.83334e-06 -5.5e-07 -5.5e-07 0 0 0 0 0 0 0 0 0 0 0 0 0 0 0 0 0 0 0 0 0 0 0 0 0 0 0 0 0 0
0.0383333 1.91667e-06 -5.74999e-07 -5.74999e-07 0 0 0 0 0 0 0 0 0 0 0 0 0 0 0 0 0 0 0 0 0 0 0 0 0 0 0 0 0 0
0.04 2e-06 -6e-07 -6e-07 0 0 0 0 0 0 0 0 0 0 0 0 0 0 0 0 0 0 0 0 0 0 0 0 0 0 0 0 0 0
0.0416667 2.08334e-06 -6.25e-07 -6.25e-07 0 0 0 0 0 0 0 0 0 0 0 0 0 0 0 0 0 0 0 0 0 0 0 0 0 0 0 0 0 0
0.0433333 2.16667e-06 -6.5e-07 -6.5e-07 0 0 0 0 0 0 0 0 0 0 0 0 0 0 0 0 0 0 0 0 0 0 0 0 0 0 0 0 0 0
0.045 2.25e-06 -6.75e-07 -6.75e-07 0 0 0 0 0 0 0 0 0 0 0 0 0 0 0 0 0 0 0 0 0 0 0 0 0 0 0 0 0 0
0.0466667 2.33334e-06 -7.00001e-07 -7.00001e-07 0 0 0 0 0 0 0 0 0 0 0 0 0 0 0 0 0 0 0 0 0 0 0 0 0 0 0 0 0 0
0.0483333 2.41667e-06 -7.25e-07 -7.25e-07 0 0 0 0 0 0 0 0 0 0 0 0 0 0 0 0 0 0 0 0 0 0 0 0 0 0 0 0 0 0
0.05 2.5e-06 -7.5e-07 -7.5e-07 0 0 0 0 0 0 0 0 0 0 0 0 0 0 0 0 0 0 0 0 0 0 0 0 0 0 0 0 0 0
0.0516667 2.58334e-06 -7.75001e-07 -7.75001e-07 0 0 0 0 0 0 0 0 0 0 0 0 0 0 0 0 0 0 0 0 0 0 0 0 0 0 0 0 0 0
0.0533333 2.66667e-06 -8e-07 -8e-07 0 0 0 0 0 0 0 0 0 0 0 0 0 0 0 0 0 0 0 0 0 0 0 0 0 0 0 0 0 0
0.055 2.75e-06 -8.25e-07 -8.25e-07 0 0 0 0 0 0 0 0 0 0 0 0 0 0 0 0 0 0 0 0 0 0 0 0 0 0 0 0 0 0
0.0566667 2.83333e-06 -8.50001e-07 -8.50001e-07 0 0 0 0 0 0 0 0 0 0 0 0 0 0 0 0 0 0 0 0 0 0 0 0 0 0 0 0 0 0
0.0583333 2.91667e-06 -8.75e-07 -8.75e-07 0 0 0 0 0 0 0 0 0 0 0 0 0 0 0 0 0 0 0 0 0 0 0 0 0 0 0 0 0 0
0.06 3e-06 -9e-07 -9e-07 0 0 0 0 0 0 0 0 0 0 0 0 0 0 0 0 0 0 0 0 0 0 0 0 0 0 0 0 0 0
0.0616667 3.08334e-06 -9.25001e-07 -9.25001e-07 0 0 0 0 0 0 0 0 0 0 0 0 0 0 0 0 0 0 0 0 0 0 0 0 0 0 0 0 0 0
0.0633333 3.16666e-06 -9.5e-07 -9.5e-07 0 0 0 0 0 0 0 0 0 0 0 0 0 0 0 0 0 0 0 0 0 0 0 0 0 0 0 0 0 0
0.065 3.25e-06 -9.75e-07 -9.75e-07 0 0 0 0 0 0 0 0 0 0 0 0 0 0 0 0 0 0 0 0 0 0 0 0 0 0 0 0 0 0
0.0666667 3.33333e-06 -1e-06 -1e-06 0 0 0 0 0 0 0 0 0 0 0 0 0 0 0 0 0 0 0 0 0 0 0 0 0 0 0 0 0 0
0.0683333 3.41667e-06 -1.025e-06 -1.025e-06 0 0 0 0 0 0 0 0 0 0 0 0 0 0 0 0 0 0 0 0 0 0 0 0 0 0 0 0 0 0
0.07 3.5e-06 -1.05e-06 -1.05e-06 0 0 0 0 0 0 0 0 0 0 0 0 0 0 0 0 0 0 0 0 0 0 0 0 0 0 0 0 0 0
0.0716667 3.58333e-06 -1.075e-06 -1.075e-06 0 0 0 0 0 0 0 0 0 0 0 0 0 0 0 0 0 0 0 0 0 0 0 0 0 0 0 0 0 0
0.0733333 3.66667e-06 -1.1e-06 -1.1e-06 0 0 0 0 0 0 0 0 0 0 0 0 0 0 0 0 0 0 0 0 0 0 0 0 0 0 0 0 0 0
0.075 3.75e-06 -1.125e-06 -1.125e-06 0 0 0 0 0 0 0 0 0 0 0 0 0 0 0 0 0 0 0 0 0 0 0 0 0 0 0 0 0 0
0.0766667 3.83334e-06 -1.15e-06 -1.15e-06 0 0 0 0 0 0 0 0 0 0 0 0 0 0 0 0 0 0 0 0 0 0 0 0 0 0 0 0 0 0
0.0783333 3.91667e-06 -1.175e-06 -1.175e-06 0 0 0 0 0 0 0 0 0 0 0 0 0 0 0 0 0 0 0 0 0 0 0 0 0 0 0 0 0 0
0.08 4e-06 -1.2e-06 -1.2e-06 0 0 0 0 0 0 0 0 0 0 0 0 0 0 0 0 0 0 0 0 0 0 0 0 0 0 0 0 0 0
0.0816667 4.08334e-06 -1.225e-06 -1.225e-06 0 0 0 0 0 0 0 0 0 0 0 0 0 0 0 0 0 0 0 0 0 0 0 0 0 0 0 0 0 0
0.0833333 4.16667e-06 -1.25e-06 -1.25e-06 0 0 0 0 0 0 0 0 0 0 0 0 0 0 0 0 0 0 0 0 0 0 0 0 0 0 0 0 0 0
0.085 4.25e-06 -1.275e-06 -1.275e-06 0 0 0 0 0 0 0 0 0 0 0 0 0 0 0 0 0 0 0 0 0 0 0 0 0 0 0 0 0 0
0.0866667 4.33334e-06 -1.3e-06 -1.3e-06 0 0 0 0 0 0 0 0 0 0 0 0 0 0 0 0 0 0 0 0 0 0 0 0 0 0 0 0 0 0
0.0883333 4.41667e-06 -1.325e-06 -1.325e-06 0 0 0 0 0 0 0 0 0 0 0 0 0 0 0 0 0 0 0 0 0 0 0 0 0 0 0 0 0 0
0.09 4.5e-06 -1.35e-06 -1.35e-06 0 0 0 0 0 0 0 0 0 0 0 0 0 0 0 0 0 0 0 0 0 0 0 0 0 0 0 0 0 0
0.0916667 4.58334e-06 -1.375e-06 -1.375e-06 0 0 0 0 0 0 0 0 0 0 0 0 0 0 0 0 0 0 0 0 0 0 0 0 0 0 0 0 0 0
0.0933333 4.66666e-06 -1.4e-06 -1.4e-06 0 0 0 0 0 0 0 0 0 0 0 0 0 0 0 0 0 0 0 0 0 0 0 0 0 0 0 0 0 0
0.095 4.75e-06 -1.425e-06 -1.425e-06 0 0 0 0 0 0 0 0 0 0 0 0 0 0 0 0 0 0 0 0 0 0 0 0 0 0 0 0 0 0
0.0966667 4.83333e-06 -1.45e-06 -1.45e-06 0 0 0 0 0 0 0 0 0 0 0 0 0 0 0 0 0 0 0 0 0 0 0 0 0 0 0 0 0 0
0.0983333 4.91666e-06 -1.475e-06 -1.475e-06 0 0 0 0 0 0 0 0 0 0 0 0 0 0 0 0 0 0 0 0 0 0 0 0 0 0 0 0 0 0
0.1 5e-06 -1.5e-06 -1.5e-06 0 0 0 0 0 0 0 0 0 0 0 0 0 0 0 0 0 0 0 0 0 0 0 0 0 0 0 0 0 0
0.115 5.75e-06 -1.725e-06 -1.725e-06 0 0 0 0.015 3.81218e-19 3.81218e-19 0 0 0 7.5e-07 -2.25e-07 -2.25e-07 0 0 0 0 0 0 0 0 0 0 0 0 0 0 0 0 0 0
0.13 6.5e-06 -1.95e-06 -1.95e-06 0 0 0 0.03 7.62436e-19 7.62436e-19 0 0 0 1.5e-06 -4.5e-07 -4.5e-07 0 0 0 0 0 0 0 0 0 0 0 0 0 0 0 0 0 0
0.145 7.25e-06 -2.175e-06 -2.175e-06 0 0 0 0.045 1.40259e-18 1.40259e-18 0 0 0 2.25e-06 -6.75e-07 -6.75e-07 0 0 0 0 0 0 0 0 0 0 0 0 0 0 0 0 0 0
0.16 8e-06 -2.4e-06 -2.4e-06 0 0 0 0.06 8.04051e-18 8.04051e-18 0 0 0 3e-06 -9e-07 -9e-07 0 0 0 0 0 0 0 0 0 0 0 0 0 0 0 0 0 0
0.175 8.75e-06 -2.625e-06 -2.625e-06 0 0 0 0.075 3.84684e-18 3.84684e-18 0 0 0 3.75e-06 -1.125e-06 -1.125e-06 0 0 0 0 0 0 0 0 0 0 0 0 0 0 0 0 0 0
0.19 9.5e-06 -2.85e-06 -2.85e-06 0 0 0 0.09 -3.71047e-18 -3.71047e-18 0 0 0 4.5e-06 -1.35e-06 -1.35e-06 0 0 0 0 0 0 0 0 0 0 0 0 0 0 0 0 0 0
0.205 1.025e-05 -3.075e-06 -3.075e-06 0 0 0 0.105 -7.79833e-18 -7.79833e-18 0 0 0 5.25e-06 -1.575e-06 -1.575e-06 0 0 0 0 0 0 0 0 0 0 0 0 0 0 0 0 0 0
0.22 1.1e-05 -3.3e-06 -3.3e-06 0 0 0 0.12 -2.18713e-17 -2.18713e-17 0 0 0 6e-06 -1.8e-06 -1.8e-06 0 0 0 0 0 0 0 0 0 0 0 0 0 0 0 0 0 0
0.235 1.175e-05 -3.525e-06 -3.525e-06 0 0 0 0.135 -5.77733e-18 -5.77733e-18 0 0 0 6.75e-06 -2.025e-06 -2.025e-06 0 0 0 0 0 0 0 0 0 0 0 0 0 0 0 0 0 0
0.25 1.25e-05 -3.75e-06 -3.75e-06 0 0 0 0.15 3.41795e-17 3.41795e-17 0 0 0 7.5e-06 -2.25e-06 -2.25e-06 0 0 0 0 0 0 0 0 0 0 0 0 0 0 0 0 0 0
0.265 1.325e-05 -3.975e-06 -3.975e-06 0 0 0 0.165 3.37727e-17 3.37727e-17 0 0 0 8.25e-06 -2.475e-06 -2.475e-06 0 0 0 0 0 0 0 0 0 0 0 0 0 0 0 0 0 0
0.28 1.4e-05 -4.2e-06 -4.2e-06 0 0 0 0.18 1.33957e-17 1.33957e-17 0 0 0 9e-06 -2.7e-06 -2.7e-06 0 0 0 0 0 0 0 0 0 0 0 0 0 0 0 0 0 0
0.295 1.475e-05 -4.425e-06 -4.425e-06 0 0 0 0.195 -2.86444e-17 -2.86444e-17 0 0 0 9.75e-06 -2.925e-06 -2.925e-06 0 0 0 0 0 0 0 0 0 0 0 0 0 0 0 0 0 0
0.31 1.55e-05 -4.65e-06 -4.65e-06 0 0 0 0.21 -4.90214e-17 -4.90214e-17 0 0 0 1.05e-05 -3.15e-06 -3.15e-06 0 0 0 0 0 0 0 0 0 0 0 0 0 0 0 0 0 0
0.325 1.625e-05 -4.875e-06 -4.875e-06 0 0 0 0.225 5.2365e-18 5.2365e-18 0 0 0 1.125e-05 -3.375e-06 -3.375e-06 0 0 0 0 0 0 0 0 0 0 0 0 0 0 0 0 0 0
0.34 1.7e-05 -5.1e-06 -5.1e-06 0 0 0 0.24 3.86777e-17 3.86777e-17 0 0 0 1.2e-05 -3.6e-06 -3.6e-06 0 0 0 0 0 0 0 0 0 0 0 0 0 0 0 0 0 0
0.355 1.775e-05 -5.325e-06 -5.325e-06 0 0 0 0.255 3.74244e-17 3.74244e-17 0 0 0 1.275e-05 -3.825e-06 -3.825e-06 0 0 0 0 0 0 0 0 0 0 0 0 0 0 0 0 0 0
0.37 1.85e-05 -5.55e-06 -5.55e-06 0 0 0 0.27 2.39863e-17 2.39863e-17 0 0 0 1.35e-05 -4.05e-06 -4.05e-06 0 0 0 0 0 0 0 0 0 0 0 0 0 0 0 0 0 0
0.385 1.925e-05 -5.775e-06 -5.775e-06 0 0 0 0.285 -2.41462e-17 -2.41462e-17 0 0 0 1.425e-05 -4.275e-06 -4.275e-06 0 0 0 0 0 0 0 0 0 0 0 0 0 0 0 0 0 0
0.4 2e-05 -6e-06 -6e-06 0 0 0 0.3 -5.14621e-17 -5.14621e-17 0 0 0 1.5e-05 -4.5e-06 -4.5e-06 0 0 0 0 0 0 0 0 0 0 0 0 0 0 0 0 0 0
0.415 2.075e-05 -6.225e-06 -6.225e-06 0 0 0 0.315 -3.96841e-17 -3.96841e-17 0 0 0 1.575e-05 -4.725e-06 -4.725e-06 0 0 0 0 0 0 0 0 0 0 0 0 0 0 0 0 0 0
0.43 2.15e-05 -6.45e-06 -6.45e-06 0 0 0 0.33 4.14828e-17 4.14828e-17 0 0 0 1.65e-05 -4.95e-06 -4.95e-06 0 0 0 0 0 0 0 0 0 0 0 0 0 0 0 0 0 0
0.445 2.225e-05 -6.675e-06 -6.675e-06 0 0 0 0.345 8.18629e-17 8.18629e-17 0 0 0 1.725e-05 -5.175e-06 -5.175e-06 0 0 0 0 0 0 0 0 0 0 0 0 0 0 0 0 0 0
0.46 2.3e-05 -6.9e-06 -6.9e-06 0 0 0 0.36 2.7638e-17 2.7638e-17 0 0 0 1.8e-05 -5.4e-06 -5.4e-06 0 0 0 0 0 0 0 0 0 0 0 0 0 0 0 0 0 0
0.475 2.375e-05 -7.125e-06 -7.125e-06 0 0 0 0.375 -6.82203e-17 -6.82203e-17 0 0 0 1.875e-05 -5.625e-06 -5.625e-06 0 0 0 0 0 0 0 0 0 0 0 0 0 0 0 0 0 0
0.49 2.45e-05 -7.35e-06 -7.35e-06 0 0 0 0.39 -8.16583e-17 -8.16583e-17 0 0 0 1.95e-05 -5.85e-06 -5.85e-06 0 0 0 0 0 0 0 0 0 0 0 0 0 0 0 0 0 0
0.505 2.525e-05 -7.575e-06 -7.575e-06 0 0 0 0.405 1.25399e-17 1.25399e-17 0 0 0 2.025e-05 -6.075e-06 -6.075e-06 0 0 0 0 0 0 0 0 0 0 0 0 0 0 0 0 0 0
0.52 2.6e-05 -7.8e-06 -7.8e-06 0 0 0 0.42 3.90421e-17 3.90421e-17 0 0 0 2.1e-05 -6.3e-06 -6.3e-06 0 0 0 0 0 0 0 0 0 0 0 0 0 0 0 0 0 0
0.535 2.675e-05 -8.025e-06 -8.025e-06 0 0 0 0.435 3.94819e-17 3.94819e-17 0 0 0 2.175e-05 -6.525e-06 -6.525e-06 0 0 0 0 0 0 0 0 0 0 0 0 0 0 0 0 0 0
0.55 2.75e-05 -8.25e-06 -8.25e-06 0 0 0 0.45 -8.32855e-17 -8.32855e-17 0 0 0 2.25e-05 -6.75e-06 -6.75e-06 0 0 0 0 0 0 0 0 0 0 0 0 0 0 0 0 0 0
0.565 2.825e-05 -8.475e-06 -8.475e-06 0 0 0 0.465 -1.12294e-16 -1.12294e-16 0 0 0 2.325e-05 -6.975e-06 -6.975e-06 0 0 0 0 0 0 0 0 0 0 0 0 0 0 0 0 0 0
0.58 2.9e-05 -8.7e-06 -8.7e-06 0 0 0 0.48 -4.21835e-18 -4.21835e-18 0 0 0 2.4e-05 -7.2e-06 -7.2e-06 0 0 0 0 0 0 0 0 0 0 0 0 0 0 0 0 0 0
0.595 2.975e-05 -8.925e-06 -8.925e-06 0 0 0 0.495 1.45491e-16 1.45491e-16 0 0 0 2.475e-05 -7.425e-06 -7.425e-06 0 0 0 0 0 0 0 0 0 0 0 0 0 0 0 0 0 0
0.61 3.05e-05 -9.15e-06 -9.15e-06 0 0 0 0.51 1.04297e-16 1.04297e-16 0 0 0 2.55e-05 -7.65e-06 -7.65e-06 0 0 0 0 0 0 0 0 0 0 0 0 0 0 0 0 0 0
0.625 3.125e-05 -9.375e-06 -9.375e-06 0 0 0 0.525 -3.15012e-17 -3.15012e-17 0 0 0 2.625e-05 -7.875e-06 -7.875e-06 0 0 0 0 0 0 0 0 0 0 0 0 0 0 0 0 0 0
0.64 3.2e-05 -9.6e-06 -9.6e-06 0 0 0 0.54 -9.79109e-17 -9.79109e-17 0 0 0 2.7e-05 -8.1e-06 -8.1e-06 0 0 0 0 0 0 0 0 0 0 0 0 0 0 0 0 0 0
0.655 3.275e-05 -9.825e-06 -9.825e-06 0 0 0 0.555 -7.05621e-17 -7.05621e-17 0 0 0 2.775e-05 -8.325e-06 -8.325e-06 0 0 0 0 0 0 0 0 0 0 0 0 0 0 0 0 0 0
0.67 3.35e-05 -1.005e-05 -1.005e-05 0 0 0 0.57 6.44229e-17 6.44229e-17 0 0 0 2.85e-05 -8.55e-06 -8.55e-06 0 0 0 0 0 0 0 0 0 0 0 0 0 0 0 0 0 0
0.685 3.425e-05 -1.0275e-05 -1.0275e-05 0 0 0 0.585 9.00787e-17 9.00787e-17 0 0 0 2.925e-05 -8.775e-06 -8.775e-06 0 0 0 0 0 0 0 0 0 0 0 0 0 0 0 0 0 0
0.7 3.5e-05 -1.05e-05 -1.05e-05 0 0 0 0.6 8.0982e-18 8.0982e-18 0 0 0 3e-05 -9e-06 -9e-06 0 0 0 0 0 0 0 0 0 0 0 0 0 0 0 0 0 0
0.715 3.575e-05 -1.0725e-05 -1.0725e-05 0 0 0 0.615 -1.29393e-16 -1.29393e-16 0 0 0 3.075e-05 -9.225e-06 -9.225e-06 0 0 0 0 0 0 0 0 0 0 0 0 0 0 0 0 0 0
0.73 3.65e-05 -1.095e-05 -1.095e-05 0 0 0 0.63 -1.02045e-16 -1.02045e-16 0 0 0 3.15e-05 -9.45e-06 -9.45e-06 0 0 0 0 0 0 0 0 0 0 0 0 0 0 0 0 0 0
0.745 3.725e-05 -1.1175e-05 -1.1175e-05 0 0 0 0.645 3.4918e-18 3.4918e-18 0 0 0 3.225e-05 -9.675e-06 -9.675e-06 0 0 0 0 0 0 0 0 0 0 0 0 0 0 0 0 0 0
0.76 3.8e-05 -1.14e-05 -1.14e-05 0 0 0 0.66 1.66232e-16 1.66232e-16 0 0 0 3.3e-05 -9.9e-06 -9.9e-06 0 0 0 0 0 0 0 0 0 0 0 0 0 0 0 0 0 0
0.775 3.875e-05 -1.1625e-05 -1.1625e-05 0 0 0 0.675 1.64133e-16 1.64133e-16 0 0 0 3.375e-05 -1.0125e-05 -1.0125e-05 0 0 0 0 0 0 0 0 0 0 0 0 0 0 0 0 0 0
0.79 3.95e-05 -1.185e-05 -1.185e-05 0 0 0 0.69 5.78429e-19 5.78429e-19 0 0 0 3.45e-05 -1.035e-05 -1.035e-05 0 0 0 0 0 0 0 0 0 0 0 0 0 0 0 0 0 0
0.805 4.025e-05 -1.2075e-05 -1.2075e-05 0 0 0 0.705 -1.89038e-16 -1.89038e-16 0 0 0 3.525e-05 -1.0575e-05 -1.0575e-05 0 0 0 0 0 0 0 0 0 0 0 0 0 0 0 0 0 0
0.82 4.1e-05 -1.23e-05 -1.23e-05 0 0 0 0.72 -2.20587e-16 -2.20587e-16 0 0 0 3.6e-05 -1.08e-05 -1.08e-05 0 0 0 0 0 0 0 0 0 0 0 0 0 0 0 0 0 0
0.835 4.175e-05 -1.2525e-05 -1.2525e-05 0 0 0 0.735 -3.17835e-17 -3.17835e-17 0 0 0 3.675e-05 -1.1025e-05 -1.1025e-05 0 0 0 0 0 0 0 0 0 0 0 0 0 0 0 0 0 0
0.85 4.25e-05 -1.275e-05 -1.275e-05 0 0 0 0.75 2.369e-16 2.369e-16 0 0 0 3.75e-05 -1.125e-05 -1.125e-05 0 0 0 0 0 0 0 0 0 0 0 0 0 0 0 0 0 0
0.865 4.325e-05 -1.2975e-05 -1.2975e-05 0 0 0 0.765 2.08738e-16 2.08738e-16 0 0 0 3.825e-05 -1.1475e-05 -1.1475e-05 0 0 0 0 0 0 0 0 0 0 0 0 0 0 0 0 0 0
0.88 4.4e-05 -1.32e-05 -1.32e-05 0 0 0 0.78 4.51838e-17 4.51838e-17 0 0 0 3.9e-05 -1.17e-05 -1.17e-05 0 0 0 0 0 0 0 0 0 0 0 0 0 0 0 0 0 0
0.895 4.475e-05 -1.3425e-05 -1.3425e-05 0 0 0 0.795 -2.26007e-16 -2.26007e-16 0 0 0 3.975e-05 -1.1925e-05 -1.1925e-05 0 0 0 0 0 0 0 0 0 0 0 0 0 0 0 0 0 0
0.91 4.55e-05 -1.365e-05 -1.365e-05 0 0 0 0.81 -2.28106e-16 -2.28106e-16 0 0 0 4.05e-05 -1.215e-05 -1.215e-05 0 0 0 0 0 0 0 0 0 0 0 0 0 0 0 0 0 0
0.925 4.625e-05 -1.3875e-05 -1.3875e-05 0 0 0 0.825 4.05774e-17 4.05774e-17 0 0 0 4.125e-05 -1.2375e-05 -1.2375e-05 0 0 0 0 0 0 0 0 0 0 0 0 0 0 0 0 0 0
0.94 4.7e-05 -1.41e-05 -1.41e-05 0 0 0 0.84 2.55443e-16 2.55443e-16 0 0 0 4.2e-05 -1.26e-05 -1.26e-05 0 0 0 0 0 0 0 0 0 0 0 0 0 0 0 0 0 0
0.955 4.775e-05 -1.4325e-05 -1.4325e-05 0 0 0 0.855 2.27281e-16 2.27281e-16 0 0 0 4.275e-05 -1.2825e-05 -1.2825e-05 0 0 0 0 0 0 0 0 0 0 0 0 0 0 0 0 0 0
0.97 4.85e-05 -1.455e-05 -1.455e-05 0 0 0 0.87 -1.53239e-16 -1.53239e-16 0 0 0 4.35e-05 -1.305e-05 -1.305e-05 0 0 0 0 0 0 0 0 0 0 0 0 0 0 0 0 0 0
0.985 4.925e-05 -1.4775e-05 -1.4775e-05 0 0 0 0.885 -2.07464e-16 -2.07464e-16 0 0 0 4.425e-05 -1.3275e-05 -1.3275e-05 0 0 0 0 0 0 0 0 0 0 0 0 0 0 0 0 0 0
1 5e-05 -1.5e-05 -1.5e-05 0 0 0 0.9 -1.26297e-16 -1.26297e-16 0 0 0 4.5e-05 -1.35e-05 -1.35e-05 0 0 0 0 0 0 0 0 0 0 0 0 0 0 0 0 0 0
2 0.0001 -3e-05 -3e-05 0 0 0 1.9 -9.75644e-13 -9.75644e-13 0 0 0 9.5e-05 -2.85e-05 -2.85e-05 0 0 0 0 0 0 0 0 0 0 0 0 0 0 0 0 0 0
3 0.00015 -4.5e-05 -4.5e-05 0 0 0 2.9 -9.75345e-13 -9.75345e-13 0 0 0 0.000145 -4.35e-05 -4.35e-05 0 0 0 0 0 0 0 0 0 0 0 0 0 0 0 0 0 0
4 0.0002 -6e-05 -6e-05 0 0 0 3.9 3.68583e-16 3.68583e-16 0 0 0 0.000195 -5.85e-05 -5.85e-05 0 0 0 0 0 0 0 0 0 0 0 0 0 0 0 0 0 0
5 0.00025 -7.5e-05 -7.5e-05 0 0 0 4.9 9.75096e-13 9.75096e-13 0 0 0 0.000245 -7.35e-05 -7.35e-05 0 0 0 0 0 0 0 0 0 0 0 0 0 0 0 0 0 0
6 0.0003 -9e-05 -9e-05 0 0 0 5.9 9.74965e-13 9.74965e-13 0 0 0 0.000295 -8.85e-05 -8.85e-05 0 0 0 0 0 0 0 0 0 0 0 0 0 0 0 0 0 0
7 0.00035 -0.000105 -0.000105 0 0 0 6.9 7.38588e-16 7.38588e-16 0 0 0 0.000345 -0.0001035 -0.0001035 0 0 0 0 0 0 0 0 0 0 0 0 0 0 0 0 0 0
8 0.0004 -0.00012 -0.00012 0 0 0 7.9 -9.75264e-13 -9.75264e-13 0 0 0 0.000395 -0.0001185 -0.0001185 0 0 0 0 0 0 0 0 0 0 0 0 0 0 0 0 0 0
9 0.00045 -0.000135 -0.000135 0 0 0 8.9 -9.74521e-13 -9.74521e-13 0 0 0 0.000445 -0.0001335 -0.0001335 0 0 0 0 0 0 0 0 0 0 0 0 0 0 0 0 0 0
10 0.0005 -0.00015 -0.00015 0 0 0 9.9 -3.48241e-16 -3.48241e-16 0 0 0 0.000495 -0.0001485 -0.0001485 0 0 0 0 0 0 0 0 0 0 0 0 0 0 0 0 0 0
11 0.00055 -0.000165 -0.000165 0 0 0 10.9 9.73824e-13 9.73824e-13 0 0 0 0.000545 -0.0001635 -0.0001635 0 0 0 0 0 0 0 0 0 0 0 0 0 0 0 0 0 0
12 0.0006 -0.00018 -0.00018 0 0 0 11.9 9.74568e-13 9.74568e-13 0 0 0 0.000595 -0.0001785 -0.0001785 0 0 0 0 0 0 0 0 0 0 0 0 0 0 0 0 0 0
13 0.00065 -0.000195 -0.000195 0 0 0 12.9 9.93877e-16 9.93877e-16 0 0 0 0.000645 -0.0001935 -0.0001935 0 0 0 0 0 0 0 0 0 0 0 0 0 0 0 0 0 0
14 0.0007 -0.00021 -0.00021 0 0 0 13.9 -9.74773e-13 -9.74773e-13 0 0 0 0.000695 -0.0002085 -0.0002085 0 0 0 0 0 0 0 0 0 0 0 0 0 0 0 0 0 0
15 0.00075 -0.000225 -0.000225 0 0 0 14.9 -9.7625e-13 -9.7625e-13 0 0 0 0.000745 -0.0002235 -0.0002235 0 0 0 0 0 0 0 0 0 0 0 0 0 0 0 0 0 0
16 0.0008 -0.00024 -0.00024 0 0 0 15.9 5.86725e-16 5.86725e-16 0 0 0 0.000795 -0.0002385 -0.0002385 0 0 0 0 0 0 0 0 0 0 0 0 0 0 0 0 0 0
17 0.00085 -0.000255 -0.000255 0 0 0 16.9 9.73898e-13 9.73898e-13 0 0 0 0.000845 -0.0002535 -0.0002535 0 0 0 0 0 0 0 0 0 0 0 0 0 0 0 0 0 0
18 0.0009 -0.00027 -0.00027 0 0 0 17.9 9.75947e-13 9.75947e-13 0 0 0 0.000895 -0.0002685 -0.0002685 0 0 0 0 0 0 0 0 0 0 0 0 0 0 0 0 0 0
19 0.00095 -0.000285 -0.000285 0 0 0 18.9 1.48475e-15 1.48475e-15 0 0 0 0.000945 -0.0002835 -0.0002835 0 0 0 0 0 0 0 0 0 0 0 0 0 0 0 0 0 0
20 0.001 -0.0003 -0.0003 0 0 0 19.9 -9.73865e-13 -9.73865e-13 0 0 0 0.000995 -0.0002985 -0.0002985 0 0 0 0 0 0 0 0 0 0 0 0 0 0 0 0 0 0
21 0.00105 -0.000315 -0.000315 0 0 0 20.9 -9.73539e-13 -9.73539e-13 0 0 0 0.001045 -0.0003135 -0.0003135 0 0 0 0 0 0 0 0 0 0 0 0 0 0 0 0 0 0
22 0.0011 -0.00033 -0.00033 0 0 0 21.9 -1.97685e-15 -1.97685e-15 0 0 0 0.001095 -0.0003285 -0.0003285 0 0 0 0 0 0 0 0 0 0 0 0 0 0 0 0 0 0
23 0.00115 -0.000345 -0.000345 0 0 0 22.9 9.7303e-13 9.7303e-13 0 0 0 0.001145 -0.0003435 -0.0003435 0 0 0 0 0 0 0 0 0 0 0 0 0 0 0 0 0 0
24 0.0012 -0.00036 -0.00036 0 0 0 23.9 9.75024e-13 9.75024e-13 0 0 0 0.001195 -0.0003585 -0.0003585 0 0 0 0 0 0 0 0 0 0 0 0 0 0 0 0 0 0
25 0.00125 -0.000375 -0.000375 0 0 0 24.9 5.62098e-16 5.62098e-16 0 0 0 0.001245 -0.0003735 -0.0003735 0 0 0 0 0 0 0 0 0 0 0 0 0 0 0 0 0 0
26 0.0013 -0.00039 -0.00039 0 0 0 25.9 -9.72178e-13 -9.72178e-13 0 0 0 0.001295 -0.0003885 -0.0003885 0 0 0 0 0 0 0 0 0 0 0 0 0 0 0 0 0 0
27 0.00135 -0.000405 -0.000405 0 0 0 26.9 -9.77126e-13 -9.77126e-13 0 0 0 0.001345 -0.0004035 -0.0004035 0 0 0 0 0 0 0 0 0 0 0 0 0 0 0 0 0 0
28 0.0014 -0.00042 -0.00042 0 0 0 27.9 -2.11968e-15 -2.11968e-15 0 0 0 0.001395 -0.0004185 -0.0004185 0 0 0 0 0 0 0 0 0 0 0 0 0 0 0 0 0 0
29 0.00145 -0.000435 -0.000435 0 0 0 28.9 9.74609e-13 9.74609e-13 0 0 0 0.001445 -0.0004335 -0.0004335 0 0 0 0 0 0 0 0 0 0 0 0 0 0 0 0 0 0
30 0.0015 -0.00045 -0.00045 0 0 0 29.9 9.78434e-13 9.78434e-13 0 0 0 0.001495 -0.0004485 -0.0004485 0 0 0 0 0 0 0 0 0 0 0 0 0 0 0 0 0 0
31 0.00155 -0.000465 -0.000465 0 0 0 30.9 -4.68911e-16 -4.68911e-16 0 0 0 0.001545 -0.0004635 -0.0004635 0 0 0 0 0 0 0 0 0 0 0 0 0 0 0 0 0 0
32 0.0016 -0.00048 -0.00048 0 0 0 31.9 -9.76653e-13 -9.76653e-13 0 0 0 0.001595 -0.0004785 -0.0004785 0 0 0 0 0 0 0 0 0 0 0 0 0 0 0 0 0 0
33 0.00165 -0.000495 -0.000495 0 0 0 32.9 -9.75547e-13 -9.75547e-13 0 0 0 0.001645 -0.0004935 -0.0004935 0 0 0 0 0 0 0 0 0 0 0 0 0 0 0 0 0 0
34 0.0017 -0.00051 -0.00051 0 0 0 33.9 4.68039e-15 4.68039e-15 0 0 0 0.001695 -0.0005085 -0.0005085 0 0 0 0 0 0 0 0 0 0 0 0 0 0 0 0 0 0
35 0.00175 -0.000525 -0.000525 0 0 0 34.9 9.79795e-13 9.79795e-13 0 0 0 0.001745 -0.0005235 -0.0005235 0 0 0 0 0 0 0 0 0 0 0 0 0 0 0 0 0 0
36 0.0018 -0.00054 -0.00054 0 0 0 35.9 9.73959e-13 9.73959e-13 0 0 0 0.001795 -0.0005385 -0.0005385 0 0 0 0 0 0 0 0 0 0 0 0 0 0 0 0 0 0
37 0.00185 -0.000555 -0.000555 0 0 0 36.9 -6.61228e-15 -6.61228e-15 0 0 0 0.001845 -0.0005535 -0.0005535 0 0 0 0 0 0 0 0 0 0 0 0 0 0 0 0 0 0
38 0.0019 -0.00057 -0.00057 0 0 0 37.9 -9.78518e-13 -9.78518e-13 0 0 0 0.001895 -0.0005685 -0.0005685 0 0 0 0 0 0 0 0 0 0 0 0 0 0 0 0 0 0
39 0.00195 -0.000585 -0.000585 0 0 0 38.9 -9.70469e-13 -9.70469e-13 0 0 0 0.001945 -0.0005835 -0.0005835 0 0 0 0 0 0 0 0 0 0 0 0 0 0 0 0 0 0
40 0.002 -0.0006 -0.0006 0 0 0 39.9 7.2021e-15 7.2021e-15 0 0 0 0.001995 -0.0005985 -0.0005985 0 0 0 0 0 0 0 0 0 0 0 0 0 0 0 0 0 0
41 0.00205 -0.000615 -0.000615 0 0 0 40.9 9.70879e-13 9.70879e-13 0 0 0 0.002045 -0.0006135 -0.0006135 0 0 0 0 0 0 0 0 0 0 0 0 0 0 0 0 0 0
42 0.0021 -0.00063 -0.00063 0 0 0 41.9 9.65151e-13 9.65151e-13 0 0 0 0.002095 -0.0006285 -0.0006285 0 0 0 0 0 0 0 0 0 0 0 0 0 0 0 0 0 0
43 0.00215 -0.000645 -0.000645 0 0 0 42.9 -6.75511e-15 -6.75511e-15 0 0 0 0.002145 -0.0006435 -0.0006435 0 0 0 0 0 0 0 0 0 0 0 0 0 0 0 0 0 0
44 0.0022 -0.00066 -0.00066 0 0 0 43.9 -9.68328e-13 -9.68328e-13 0 0 0 0.002195 -0.0006585 -0.0006585 0 0 0 0 0 0 0 0 0 0 0 0 0 0 0 0 0 0
45 0.00225 -0.000675 -0.000675 0 0 0 44.9 -9.61947e-13 -9.61947e-13 0 0 0 0.002245 -0.0006735 -0.0006735 0 0 0 0 0 0 0 0 0 0 0 0 0 0 0 0 0 0
46 0.0023 -0.00069 -0.00069 0 0 0 45.9 7.05926e-15 7.05926e-15 0 0 0 0.002295 -0.0006885 -0.0006885 0 0 0 0 0 0 0 0 0 0 0 0 0 0 0 0 0 0
47 0.00235 -0.000705 -0.000705 0 0 0 46.9 9.70736e-13 9.70736e-13 0 0 0 0.002345 -0.0007035 -0.0007035 0 0 0 0 0 0 0 0 0 0 0 0 0 0 0 0 0 0
48 0.0024 -0.00072 -0.00072 0 0 0 47.9 9.65008e-13 9.65008e-13 0 0 0 0.002395 -0.0007185 -0.0007185 0 0 0 0 0 0 0 0 0 0 0 0 0 0 0 0 0 0
49 0.00245 -0.000735 -0.000735 0 0 0 48.9 -8.6743e-15 -8.6743e-15 0 0 0 0.002445 -0.0007335 -0.0007335 0 0 0 0 0 0 0 0 0 0 0 0 0 0 0 0 0 0
50 0.0025 -0.00075 -0.00075 0 0 0 49.9 -9.70247e-13 -9.70247e-13 0 0 0 0.002495 -0.0007485 -0.0007485 0 0 0 0 0 0 0 0 0 0 0 0 0 0 0 0 0 0
51 0.00255 -0.000765 -0.000765 0 0 0 50.9 -9.62089e-13 -9.62089e-13 0 0 0 0.002545 -0.0007635 -0.0007635 0 0 0 0 0 0 0 0 0 0 0 0 0 0 0 0 0 0
52 0.0026 -0.00078 -0.00078 0 0 0 51.9 6.91643e-15 6.91643e-15 0 0 0 0.002595 -0.0007785 -0.0007785 0 0 0 0 0 0 0 0 0 0 0 0 0 0 0 0 0 0
53 0.00265 -0.000795 -0.000795 0 0 0 52.9 9.67257e-13 9.67257e-13 0 0 0 0.002645 -0.0007935 -0.0007935 0 0 0 0 0 0 0 0 0 0 0 0 0 0 0 0 0 0
54 0.0027 -0.00081 -0.00081 0 0 0 53.9 9.63197e-13 9.63197e-13 0 0 0 0.002695 -0.0008085 -0.0008085 0 0 0 0 0 0 0 0 0 0 0 0 0 0 0 0 0 0
55 0.00275 -0.000825 -0.000825 0 0 0 54.9 -1.04851e-14 -1.04851e-14 0 0 0 0.002745 -0.0008235 -0.0008235 0 0 0 0 0 0 0 0 0 0 0 0 0 0 0 0 0 0
56 0.0028 -0.00084 -0.00084 0 0 0 55.9 -9.66729e-13 -9.66729e-13 0 0 0 0.002795 -0.0008385 -0.0008385 0 0 0 0 0 0 0 0 0 0 0 0 0 0 0 0 0 0
57 0.00285 -0.000855 -0.000855 0 0 0 56.9 -9.60564e-13 -9.60564e-13 0 0 0 0.002845 -0.0008535 -0.0008535 0 0 0 0 0 0 0 0 0 0 0 0 0 0 0 0 0 0
58 0.0029 -0.00087 -0.00087 0 0 0 57.9 1.37707e-14 1.37707e-14 0 0 0 0.002895 -0.0008685 -0.0008685 0 0 0 0 0 0 0 0 0 0 0 0 0 0 0 0 0 0
59 0.00295 -0.000885 -0.000885 0 0 0 58.9 9.70667e-13 9.70667e-13 0 0 0 0.002945 -0.0008835 -0.0008835 0 0 0 0 0 0 0 0 0 0 0 0 0 0 0 0 0 0
60 0.003 -0.0009 -0.0009 0 0 0 59.9 9.4906e-13 9.4906e-13 0 0 0 0.002995 -0.0008985 -0.0008985 0 0 0 0 0 0 0 0 0 0 0 0 0 0 0 0 0 0
61 0.00305 -0.000915 -0.000915 0 0 0 60.9 -1.2296e-14 -1.2296e-14 0 0 0 0.003045 -0.0009135 -0.0009135 0 0 0 0 0 0 0 0 0 0 0 0 0 0 0 0 0 0
62 0.0031 -0.00093 -0.00093 0 0 0 61.9 -9.66872e-13 -9.66872e-13 0 0 0 0.003095 -0.0009285 -0.0009285 0 0 0 0 0 0 0 0 0 0 0 0 0 0 0 0 0 0
63 0.00315 -0.000945 -0.000945 0 0 0 62.9 -9.55378e-13 -9.55378e-13 0 0 0 0.003145 -0.0009435 -0.0009435 0 0 0 0 0 0 0 0 0 0 0 0 0 0 0 0 0 0
64 0.0032 -0.00096 -0.00096 0 0 0 63.9 1.52958e-14 1.52958e-14 0 0 0 0.003195 -0.0009585 -0.0009585 0 0 0 0 0 0 0 0 0 0 0 0 0 0 0 0 0 0
65 0.00325 -0.000975 -0.000975 0 0 0 64.9 9.65195e-13 9.65195e-13 0 0 0 0.003245 -0.0009735 -0.0009735 0 0 0 0 0 0 0 0 0 0 0 0 0 0 0 0 0 0
66 0.0033 -0.00099 -0.00099 0 0 0 65.9 9.52578e-13 9.52578e-13 0 0 0 0.003295 -0.0009885 -0.0009885 0 0 0 0 0 0 0 0 0 0 0 0 0 0 0 0 0 0
67 0.00335 -0.001005 -0.001005 0 0 0 66.9 -2.63246e-14 -2.63246e-14 0 0 0 0.003345 -0.0010035 -0.0010035 0 0 0 0 0 0 0 0 0 0 0 0 0 0 0 0 0 0
68 0.0034 -0.00102 -0.00102 0 0 0 67.9 -9.79232e-13 -9.79232e-13 0 0 0 0.003395 -0.0010185 -0.0010185 0 0 0 0 0 0 0 0 0 0 0 0 0 0 0 0 0 0
69 0.00345 -0.001035 -0.001035 0 0 0 68.9 -9.52077e-13 -9.52077e-13 0 0 0 0.003445 -0.0010335 -0.0010335 0 0 0 0 0 0 0 0 0 0 0 0 0 0 0 0 0 0
70 0.0035 -0.00105 -0.00105 0 0 0 69.9 3.09235e-14 3.09235e-14 0 0 0 0.003495 -0.0010485 -0.0010485 0 0 0 0 0 0 0 0 0 0 0 0 0 0 0 0 0 0
71 0.00355 -0.001065 -0.001065 0 0 0 70.9 9.7727e-13 9.7727e-13 0 0 0 0.003545 -0.0010635 -0.0010635 0 0 0 0 0 0 0 0 0 0 0 0 0 0 0 0 0 0
72 0.0036 -0.00108 -0.00108 0 0 0 71.9 9.40218e-13 9.40218e-13 0 0 0 0.003595 -0.0010785 -0.0010785 0 0 0 0 0 0 0 0 0 0 0 0 0 0 0 0 0 0
73 0.00365 -0.001095 -0.001095 0 0 0 72.9 -3.15798e-14 -3.15798e-14 0 0 0 0.003645 -0.0010935 -0.0010935 0 0 0 0 0 0 0 0 0 0 0 0 0 0 0 0 0 0
74 0.0037 -0.00111 -0.00111 0 0 0 73.9 -9.7227e-13 -9.7227e-13 0 0 0 0.003695 -0.0011085 -0.0011085 0 0 0 0 0 0 0 0 0 0 0 0 0 0 0 0 0 0
75 0.00375 -0.001125 -0.001125 0 0 0 74.9 -9.4689e-13 -9.4689e-13 0 0 0 0.003745 -0.0011235 -0.0011235 0 0 0 0 0 0 0 0 0 0 0 0 0 0 0 0 0 0
76 0.0038 -0.00114 -0.00114 0 0 0 75.9 2.36753e-14 2.36753e-14 0 0 0 0.003795 -0.0011385 -0.0011385 0 0 0 0 0 0 0 0 0 0 0 0 0 0 0 0 0 0
77 0.00385 -0.001155 -0.001155 0 0 0 76.9 9.87569e-13 9.87569e-13 0 0 0 0.003845 -0.0011535 -0.0011535 0 0 0 0 0 0 0 0 0 0 0 0 0 0 0 0 0 0
78 0.0039 -0.00117 -0.00117 0 0 0 77.9 9.50516e-13 9.50516e-13 0 0 0 0.003895 -0.0011685 -0.0011685 0 0 0 0 0 0 0 0 0 0 0 0 0 0 0 0 0 0
79 0.00395 -0.001185 -0.001185 0 0 0 78.9 -2.81699e-14 -2.81699e-14 0 0 0 0.003945 -0.0011835 -0.0011835 0 0 0 0 0 0 0 0 0 0 0 0 0 0 0 0 0 0
80 0.004 -0.0012 -0.0012 0 0 0 79.9 -9.89743e-13 -9.89743e-13 0 0 0 0.003995 -0.0011985 -0.0011985 0 0 0 0 0 0 0 0 0 0 0 0 0 0 0 0 0 0
81 0.00405 -0.001215 -0.001215 0 0 0 80.9 -9.53922e-13 -9.53922e-13 0 0 0 0.004045 -0.0012135 -0.0012135 0 0 0 0 0 0 0 0 0 0 0 0 0 0 0 0 0 0
82 0.0041 -0.00123 -0.00123 0 0 0 81.9 3.06379e-14 3.06379e-14 0 0 0 0.004095 -0.0012285 -0.0012285 0 0 0 0 0 0 0 0 0 0 0 0 0 0 0 0 0 0
83 0.00415 -0.001245 -0.001245 0 0 0 82.9 9.87859e-13 9.87859e-13 0 0 0 0.004145 -0.0012435 -0.0012435 0 0 0 0 0 0 0 0 0 0 0 0 0 0 0 0 0 0
84 0.0042 -0.00126 -0.00126 0 0 0 83.9 9.5436e-13 9.5436e-13 0 0 0 0.004195 -0.0012585 -0.0012585 0 0 0 0 0 0 0 0 0 0 0 0 0 0 0 0 0 0
85 0.00425 -0.001275 -0.001275 0 0 0 84.9 -3.81041e-14 -3.81041e-14 0 0 0 0.004245 -0.0012735 -0.0012735 0 0 0 0 0 0 0 0 0 0 0 0 0 0 0 0 0 0
86 0.0043 -0.00129 -0.00129 0 0 0 85.9 -9.8213e-13 -9.8213e-13 0 0 0 0.004295 -0.0012885 -0.0012885 0 0 0 0 0 0 0 0 0 0 0 0 0 0 0 0 0 0
87 0.00435 -0.001305 -0.001305 0 0 0 86.9 -9.49862e-13 -9.49862e-13 0 0 0 0.004345 -0.0013035 -0.0013035 0 0 0 0 0 0 0 0 0 0 0 0 0 0 0 0 0 0
88 0.0044 -0.00132 -0.00132 0 0 0 87.9 4.202e-14 4.202e-14 0 0 0 0.004395 -0.0013185 -0.0013185 0 0 0 0 0 0 0 0 0 0 0 0 0 0 0 0 0 0
89 0.00445 -0.001335 -0.001335 0 0 0 88.9 9.81478e-13 9.81478e-13 0 0 0 0.004445 -0.0013335 -0.0013335 0 0 0 0 0 0 0 0 0 0 0 0 0 0 0 0 0 0
90 0.0045 -0.00135 -0.00135 0 0 0 89.9 9.41089e-13 9.41089e-13 0 0 0 0.004495 -0.0013485 -0.0013485 0 0 0 0 0 0 0 0 0 0 0 0 0 0 0 0 0 0
91 0.00455 -0.001365 -0.001365 0 0 0 90.9 -3.38273e-14 -3.38273e-14 0 0 0 0.004545 -0.0013635 -0.0013635 0 0 0 0 0 0 0 0 0 0 0 0 0 0 0 0 0 0
92 0.0046 -0.00138 -0.00138 0 0 0 91.9 -9.84959e-13 -9.84959e-13 0 0 0 0.004595 -0.0013785 -0.0013785 0 0 0 0 0 0 0 0 0 0 0 0 0 0 0 0 0 0
93 0.00465 -0.001395 -0.001395 0 0 0 92.9 -9.49138e-13 -9.49138e-13 0 0 0 0.004645 -0.0013935 -0.0013935 0 0 0 0 0 0 0 0 0 0 0 0 0 0 0 0 0 0
94 0.0047 -0.00141 -0.00141 0 0 0 93.9 3.20859e-14 3.20859e-14 0 0 0 0.004695 -0.0014085 -0.0014085 0 0 0 0 0 0 0 0 0 0 0 0 0 0 0 0 0 0
95 0.00475 -0.001425 -0.001425 0 0 0 94.9 9.89091e-13 9.89091e-13 0 0 0 0.004745 -0.0014235 -0.0014235 0 0 0 0 0 0 0 0 0 0 0 0 0 0 0 0 0 0
96 0.0048 -0.00144 -0.00144 0 0 0 95.9 9.48702e-13 9.48702e-13 0 0 0 0.004795 -0.0014385 -0.0014385 0 0 0 0 0 0 0 0 0 0 0 0 0 0 0 0 0 0
97 0.00485 -0.001455 -0.001455 0 0 0 96.9 -4.37615e-14 -4.37615e-14 0 0 0 0.004845 -0.0014535 -0.0014535 0 0 0 0 0 0 0 0 0 0 0 0 0 0 0 0 0 0
98 0.0049 -0.00147 -0.00147 0 0 0 97.9 -9.9134e-13 -9.9134e-13 0 0 0 0.004895 -0.0014685 -0.0014685 0 0 0 0 0 0 0 0 0 0 0 0 0 0 0 0 0 0
99 0.00495 -0.001485 -0.001485 0 0 0 98.9 -9.45078e-13 -9.45078e-13 0 0 0 0.004945 -0.0014835 -0.0014835 0 0 0 0 0 0 0 0 0 0 0 0 0 0 0 0 0 0
100 0.005 -0.0015 -0.0015 0 0 0 99.9 3.96986e-14 3.96986e-14 0 0 0 0.004995 -0.0014985 -0.0014985 0 0 0 0 0 0 0 0 0 0 0 0 0 0 0 0 0 0
101 0.00495 -0.001485 -0.001485 0 0 0 98.9 -3.01089e-15 -3.01089e-15 0 0 0 0.004945 -0.0014835 -0.0014835 0 0 0 0 0 0 0 0 0 0 0 0 0 0 0 0 0 0
102 0.0049 -0.00147 -0.00147 0 0 0 97.9 -4.57203e-14 -4.57203e-14 0 0 0 0.004895 -0.0014685 -0.0014685 0 0 0 0 0 0 0 0 0 0 0 0 0 0 0 0 0 0
103 0.00485 -0.001455 -0.001455 0 0 0 96.9 -4.37615e-14 -4.37615e-14 0 0 0 0.004845 -0.0014535 -0.0014535 0 0 0 0 0 0 0 0 0 0 0 0 0 0 0 0 0 0
104 0.0048 -0.00144 -0.00144 0 0 0 95.9 7.06855e-15 7.06855e-15 0 0 0 0.004795 -0.0014385 -0.0014385 0 0 0 0 0 0 0 0 0 0 0 0 0 0 0 0 0 0
105 0.00475 -0.001425 -0.001425 0 0 0 94.9 4.74571e-14 4.74571e-14 0 0 0 0.004745 -0.0014235 -0.0014235 0 0 0 0 0 0 0 0 0 0 0 0 0 0 0 0 0 0
106 0.0047 -0.00141 -0.00141 0 0 0 93.9 4.25273e-14 4.25273e-14 0 0 0 0.004695 -0.0014085 -0.0014085 0 0 0 0 0 0 0 0 0 0 0 0 0 0 0 0 0 0
107 0.00465 -0.001395 -0.001395 0 0 0 92.9 -1.82171e-16 -1.82171e-16 0 0 0 0.004645 -0.0013935 -0.0013935 0 0 0 0 0 0 0 0 0 0 0 0 0 0 0 0 0 0
108 0.0046 -0.00138 -0.00138 0 0 0 91.9 -4.28916e-14 -4.28916e-14 0 0 0 0.004595 -0.0013785 -0.0013785 0 0 0 0 0 0 0 0 0 0 0 0 0 0 0 0 0 0
109 0.00455 -0.001365 -0.001365 0 0 0 90.9 -4.42688e-14 -4.42688e-14 0 0 0 0.004545 -0.0013635 -0.0013635 0 0 0 0 0 0 0 0 0 0 0 0 0 0 0 0 0 0
110 0.0045 -0.00135 -0.00135 0 0 0 89.9 -7.43289e-15 -7.43289e-15 0 0 0 0.004495 -0.0013485 -0.0013485 0 0 0 0 0 0 0 0 0 0 0 0 0 0 0 0 0 0
111 0.00445 -0.001335 -0.001335 0 0 0 88.9 3.96277e-14 3.96277e-14 0 0 0 0.004445 -0.0013335 -0.0013335 0 0 0 0 0 0 0 0 0 0 0 0 0 0 0 0 0 0
112 0.0044 -0.00132 -0.00132 0 0 0 87.9 4.89087e-14 4.89087e-14 0 0 0 0.004395 -0.0013185 -0.0013185 0 0 0 0 0 0 0 0 0 0 0 0 0 0 0 0 0 0
113 0.00435 -0.001305 -0.001305 0 0 0 86.9 2.64655e-15 2.64655e-15 0 0 0 0.004345 -0.0013035 -0.0013035 0 0 0 0 0 0 0 0 0 0 0 0 0 0 0 0 0 0
114 0.0043 -0.00129 -0.00129 0 0 0 85.9 -4.38323e-14 -4.38323e-14 0 0 0 0.004295 -0.0012885 -0.0012885 0 0 0 0 0 0 0 0 0 0 0 0 0 0 0 0 0 0
115 0.00425 -0.001275 -0.001275 0 0 0 84.9 -4.14401e-14 -4.14401e-14 0 0 0 0.004245 -0.0012735 -0.0012735 0 0 0 0 0 0 0 0 0 0 0 0 0 0 0 0 0 0
116 0.0042 -0.00126 -0.00126 0 0 0 83.9 -1.05146e-15 -1.05146e-15 0 0 0 0.004195 -0.0012585 -0.0012585 0 0 0 0 0 0 0 0 0 0 0 0 0 0 0 0 0 0
117 0.00415 -0.001245 -0.001245 0 0 0 82.9 3.2015e-14 3.2015e-14 0 0 0 0.004145 -0.0012435 -0.0012435 0 0 0 0 0 0 0 0 0 0 0 0 0 0 0 0 0 0
118 0.0041 -0.00123 -0.00123 0 0 0 81.9 4.1296e-14 4.1296e-14 0 0 0 0.004095 -0.0012285 -0.0012285 0 0 0 0 0 0 0 0 0 0 0 0 0 0 0 0 0 0
119 0.00405 -0.001215 -0.001215 0 0 0 80.9 9.02798e-15 9.02798e-15 0 0 0 0.004045 -0.0012135 -0.0012135 0 0 0 0 0 0 0 0 0 0 0 0 0 0 0 0 0 0
120 0.004 -0.0012 -0.0012 0 0 0 79.9 -3.38982e-14 -3.38982e-14 0 0 0 0.003995 -0.0011985 -0.0011985 0 0 0 0 0 0 0 0 0 0 0 0 0 0 0 0 0 0
121 0.00395 -0.001185 -0.001185 0 0 0 78.9 -4.90528e-14 -4.90528e-14 0 0 0 0.003945 -0.0011835 -0.0011835 0 0 0 0 0 0 0 0 0 0 0 0 0 0 0 0 0 0
122 0.0039 -0.00117 -0.00117 0 0 0 77.9 1.99396e-15 1.99396e-15 0 0 0 0.003895 -0.0011685 -0.0011685 0 0 0 0 0 0 0 0 0 0 0 0 0 0 0 0 0 0
123 0.00385 -0.001155 -0.001155 0 0 0 76.9 3.88298e-14 3.88298e-14 0 0 0 0.003845 -0.0011535 -0.0011535 0 0 0 0 0 0 0 0 0 0 0 0 0 0 0 0 0 0
124 0.0038 -0.00114 -0.00114 0 0 0 75.9 3.76694e-14 3.76694e-14 0 0 0 0.003795 -0.0011385 -0.0011385 0 0 0 0 0 0 0 0 0 0 0 0 0 0 0 0 0 0
125 0.00375 -0.001125 -0.001125 0 0 0 74.9 -8.59276e-15 -8.59276e-15 0 0 0 0.003745 -0.0011235 -0.0011235 0 0 0 0 0 0 0 0 0 0 0 0 0 0 0 0 0 0
126 0.0037 -0.00111 -0.00111 0 0 0 73.9 -4.08608e-14 -4.08608e-14 0 0 0 0.003695 -0.0011085 -0.0011085 0 0 0 0 0 0 0 0 0 0 0 0 0 0 0 0 0 0
127 0.00365 -0.001095 -0.001095 0 0 0 72.9 -3.84685e-14 -3.84685e-14 0 0 0 0.003645 -0.0010935 -0.0010935 0 0 0 0 0 0 0 0 0 0 0 0 0 0 0 0 0 0
128 0.0036 -0.00108 -0.00108 0 0 0 71.9 1.92009e-15 1.92009e-15 0 0 0 0.003595 -0.0010785 -0.0010785 0 0 0 0 0 0 0 0 0 0 0 0 0 0 0 0 0 0
129 0.00355 -0.001065 -0.001065 0 0 0 70.9 4.23087e-14 4.23087e-14 0 0 0 0.003545 -0.0010635 -0.0010635 0 0 0 0 0 0 0 0 0 0 0 0 0 0 0 0 0 0
130 0.0035 -0.00105 -0.00105 0 0 0 69.9 3.78122e-14 3.78122e-14 0 0 0 0.003495 -0.0010485 -0.0010485 0 0 0 0 0 0 0 0 0 0 0 0 0 0 0 0 0 0
131 0.00345 -0.001035 -0.001035 0 0 0 68.9 -6.67358e-15 -6.67358e-15 0 0 0 0.003445 -0.0010335 -0.0010335 0 0 0 0 0 0 0 0 0 0 0 0 0 0 0 0 0 0
132 0.0034 -0.00102 -0.00102 0 0 0 67.9 -4.42707e-14 -4.42707e-14 0 0 0 0.003395 -0.0010185 -0.0010185 0 0 0 0 0 0 0 0 0 0 0 0 0 0 0 0 0 0
133 0.00335 -0.001005 -0.001005 0 0 0 66.9 -2.78842e-14 -2.78842e-14 0 0 0 0.003345 -0.0010035 -0.0010035 0 0 0 0 0 0 0 0 0 0 0 0 0 0 0 0 0 0
134 0.0033 -0.00099 -0.00099 0 0 0 65.9 1.25044e-14 1.25044e-14 0 0 0 0.003295 -0.0009885 -0.0009885 0 0 0 0 0 0 0 0 0 0 0 0 0 0 0 0 0 0
135 0.00325 -0.000975 -0.000975 0 0 0 64.9 4.07835e-14 4.07835e-14 0 0 0 0.003245 -0.0009735 -0.0009735 0 0 0 0 0 0 0 0 0 0 0 0 0 0 0 0 0 0
136 0.0032 -0.00096 -0.00096 0 0 0 63.9 2.57373e-14 2.57373e-14 0 0 0 0.003195 -0.0009585 -0.0009585 0 0 0 0 0 0 0 0 0 0 0 0 0 0 0 0 0 0
137 0.00315 -0.000945 -0.000945 0 0 0 62.9 -1.34195e-14 -1.34195e-14 0 0 0 0.003145 -0.0009435 -0.0009435 0 0 0 0 0 0 0 0 0 0 0 0 0 0 0 0 0 0
138 0.0031 -0.00093 -0.00093 0 0 0 61.9 -3.87988e-14 -3.87988e-14 0 0 0 0.003095 -0.0009285 -0.0009285 0 0 0 0 0 0 0 0 0 0 0 0 0 0 0 0 0 0
139 0.00305 -0.000915 -0.000915 0 0 0 60.9 -2.78498e-14 -2.78498e-14 0 0 0 0.003045 -0.0009135 -0.0009135 0 0 0 0 0 0 0 0 0 0 0 0 0 0 0 0 0 0
140 0.003 -0.0009 -0.0009 0 0 0 59.9 3.87375e-15 3.87375e-15 0 0 0 0.002995 -0.0008985 -0.0008985 0 0 0 0 0 0 0 0 0 0 0 0 0 0 0 0 0 0
141 0.00295 -0.000885 -0.000885 0 0 0 58.9 4.09263e-14 4.09263e-14 0 0 0 0.002945 -0.0008835 -0.0008835 0 0 0 0 0 0 0 0 0 0 0 0 0 0 0 0 0 0
142 0.0029 -0.00087 -0.00087 0 0 0 57.9 2.93245e-14 2.93245e-14 0 0 0 0.002895 -0.0008685 -0.0008685 0 0 0 0 0 0 0 0 0 0 0 0 0 0 0 0 0 0
143 0.00285 -0.000855 -0.000855 0 0 0 56.9 -1.1717e-14 -1.1717e-14 0 0 0 0.002845 -0.0008535 -0.0008535 0 0 0 0 0 0 0 0 0 0 0 0 0 0 0 0 0 0
144 0.0028 -0.00084 -0.00084 0 0 0 55.9 -3.52116e-14 -3.52116e-14 0 0 0 0.002795 -0.0008385 -0.0008385 0 0 0 0 0 0 0 0 0 0 0 0 0 0 0 0 0 0
145 0.00275 -0.000825 -0.000825 0 0 0 54.9 -2.60389e-14 -2.60389e-14 0 0 0 0.002745 -0.0008235 -0.0008235 0 0 0 0 0 0 0 0 0 0 0 0 0 0 0 0 0 0
146 0.0027 -0.00081 -0.00081 0 0 0 53.9 1.26817e-14 1.26817e-14 0 0 0 0.002695 -0.0008085 -0.0008085 0 0 0 0 0 0 0 0 0 0 0 0 0 0 0 0 0 0
147 0.00265 -0.000795 -0.000795 0 0 0 52.9 3.40721e-14 3.40721e-14 0 0 0 0.002645 -0.0007935 -0.0007935 0 0 0 0 0 0 0 0 0 0 0 0 0 0 0 0 0 0
148 0.0026 -0.00078 -0.00078 0 0 0 51.9 2.42466e-14 2.42466e-14 0 0 0 0.002595 -0.0007785 -0.0007785 0 0 0 0 0 0 0 0 0 0 0 0 0 0 0 0 0 0
149 0.00255 -0.000765 -0.000765 0 0 0 50.9 -1.15742e-14 -1.15742e-14 0 0 0 0.002545 -0.0007635 -0.0007635 0 0 0 0 0 0 0 0 0 0 0 0 0 0 0 0 0 0
150 0.0025 -0.00075 -0.00075 0 0 0 49.9 -3.34007e-14 -3.34007e-14 0 0 0 0.002495 -0.0007485 -0.0007485 0 0 0 0 0 0 0 0 0 0 0 0 0 0 0 0 0 0
151 0.00245 -0.000735 -0.000735 0 0 0 48.9 -2.42281e-14 -2.42281e-14 0 0 0 0.002445 -0.0007335 -0.0007335 0 0 0 0 0 0 0 0 0 0 0 0 0 0 0 0 0 0
152 0.0024 -0.00072 -0.00072 0 0 0 47.9 1.44925e-14 1.44925e-14 0 0 0 0.002395 -0.0007185 -0.0007185 0 0 0 0 0 0 0 0 0 0 0 0 0 0 0 0 0 0
153 0.00235 -0.000705 -0.000705 0 0 0 46.9 3.75509e-14 3.75509e-14 0 0 0 0.002345 -0.0007035 -0.0007035 0 0 0 0 0 0 0 0 0 0 0 0 0 0 0 0 0 0
154 0.0023 -0.00069 -0.00069 0 0 0 45.9 2.43894e-14 2.43894e-14 0 0 0 0.002295 -0.0006885 -0.0006885 0 0 0 0 0 0 0 0 0 0 0 0 0 0 0 0 0 0
155 0.00225 -0.000675 -0.000675 0 0 0 44.9 -1.48757e-14 -1.48757e-14 0 0 0 0.002245 -0.0006735 -0.0006735 0 0 0 0 0 0 0 0 0 0 0 0 0 0 0 0 0 0
156 0.0022 -0.00066 -0.00066 0 0 0 43.9 -3.8587e-14 -3.8587e-14 0 0 0 0.002195 -0.0006585 -0.0006585 0 0 0 0 0 0 0 0 0 0 0 0 0 0 0 0 0 0
157 0.00215 -0.000645 -0.000645 0 0 0 42.9 -2.40853e-14 -2.40853e-14 0 0 0 0.002145 -0.0006435 -0.0006435 0 0 0 0 0 0 0 0 0 0 0 0 0 0 0 0 0 0
158 0.0021 -0.00063 -0.00063 0 0 0 41.9 1.63033e-14 1.63033e-14 0 0 0 0.002095 -0.0006285 -0.0006285 0 0 0 0 0 0 0 0 0 0 0 0 0 0 0 0 0 0
159 0.00205 -0.000615 -0.000615 0 0 0 40.9 3.93618e-14 3.93618e-14 0 0 0 0.002045 -0.0006135 -0.0006135 0 0 0 0 0 0 0 0 0 0 0 0 0 0 0 0 0 0
160 0.002 -0.0006 -0.0006 0 0 0 39.9 2.45322e-14 2.45322e-14 0 0 0 0.001995 -0.0005985 -0.0005985 0 0 0 0 0 0 0 0 0 0 0 0 0 0 0 0 0 0
161 0.00195 -0.000585 -0.000585 0 0 0 38.9 -1.99536e-14 -1.99536e-14 0 0 0 0.001945 -0.0005835 -0.0005835 0 0 0 0 0 0 0 0 0 0 0 0 0 0 0 0 0 0
162 0.0019 -0.00057 -0.00057 0 0 0 37.9 -4.01122e-14 -4.01122e-14 0 0 0 0.001895 -0.0005685 -0.0005685 0 0 0 0 0 0 0 0 0 0 0 0 0 0 0 0 0 0
163 0.00185 -0.000555 -0.000555 0 0 0 36.9 -2.39424e-14 -2.39424e-14 0 0 0 0.001845 -0.0005535 -0.0005535 0 0 0 0 0 0 0 0 0 0 0 0 0 0 0 0 0 0
164 0.0018 -0.00054 -0.00054 0 0 0 35.9 1.64462e-14 1.64462e-14 0 0 0 0.001795 -0.0005385 -0.0005385 0 0 0 0 0 0 0 0 0 0 0 0 0 0 0 0 0 0
165 0.00175 -0.000525 -0.000525 0 0 0 34.9 3.78366e-14 3.78366e-14 0 0 0 0.001745 -0.0005235 -0.0005235 0 0 0 0 0 0 0 0 0 0 0 0 0 0 0 0 0 0
166 0.0017 -0.00051 -0.00051 0 0 0 33.9 2.20105e-14 2.20105e-14 0 0 0 0.001695 -0.0005085 -0.0005085 0 0 0 0 0 0 0 0 0 0 0 0 0 0 0 0 0 0
167 0.00165 -0.000495 -0.000495 0 0 0 32.9 -1.90309e-14 -1.90309e-14 0 0 0 0.001645 -0.0004935 -0.0004935 0 0 0 0 0 0 0 0 0 0 0 0 0 0 0 0 0 0
168 0.0016 -0.00048 -0.00048 0 0 0 31.9 -3.74131e-14 -3.74131e-14 0 0 0 0.001595 -0.0004785 -0.0004785 0 0 0 0 0 0 0 0 0 0 0 0 0 0 0 0 0 0
169 0.00155 -0.000465 -0.000465 0 0 0 30.9 -2.12976e-14 -2.12976e-14 0 0 0 0.001545 -0.0004635 -0.0004635 0 0 0 0 0 0 0 0 0 0 0 0 0 0 0 0 0 0
170 0.0015 -0.00045 -0.00045 0 0 0 29.9 1.91993e-14 1.91993e-14 0 0 0 0.001495 -0.0004485 -0.0004485 0 0 0 0 0 0 0 0 0 0 0 0 0 0 0 0 0 0
171 0.00145 -0.000435 -0.000435 0 0 0 28.9 3.79794e-14 3.79794e-14 0 0 0 0.001445 -0.0004335 -0.0004335 0 0 0 0 0 0 0 0 0 0 0 0 0 0 0 0 0 0
172 0.0014 -0.00042 -0.00042 0 0 0 27.9 1.94888e-14 1.94888e-14 0 0 0 0.001395 -0.0004185 -0.0004185 0 0 0 0 0 0 0 0 0 0 0 0 0 0 0 0 0 0
173 0.00135 -0.000405 -0.000405 0 0 0 26.9 -2.06103e-14 -2.06103e-14 0 0 0 0.001345 -0.0004035 -0.0004035 0 0 0 0 0 0 0 0 0 0 0 0 0 0 0 0 0 0
174 0.0013 -0.00039 -0.00039 0 0 0 25.9 -3.91009e-14 -3.91009e-14 0 0 0 0.001295 -0.0003885 -0.0003885 0 0 0 0 0 0 0 0 0 0 0 0 0 0 0 0 0 0
175 0.00125 -0.000375 -0.000375 0 0 0 24.9 -1.50459e-14 -1.50459e-14 0 0 0 0.001245 -0.0003735 -0.0003735 0 0 0 0 0 0 0 0 0 0 0 0 0 0 0 0 0 0
176 0.0012 -0.00036 -0.00036 0 0 0 23.9 2.01762e-14 2.01762e-14 0 0 0 0.001195 -0.0003585 -0.0003585 0 0 0 0 0 0 0 0 0 0 0 0 0 0 0 0 0 0
177 0.00115 -0.000345 -0.000345 0 0 0 22.9 3.62917e-14 3.62917e-14 0 0 0 0.001145 -0.0003435 -0.0003435 0 0 0 0 0 0 0 0 0 0 0 0 0 0 0 0 0 0
178 0.0011 -0.00033 -0.00033 0 0 0 21.9 1.79095e-14 1.79095e-14 0 0 0 0.001095 -0.0003285 -0.0003285 0 0 0 0 0 0 0 0 0 0 0 0 0 0 0 0 0 0
179 0.00105 -0.000315 -0.000315 0 0 0 20.9 -1.96334e-14 -1.96334e-14 0 0 0 0.001045 -0.0003135 -0.0003135 0 0 0 0 0 0 0 0 0 0 0 0 0 0 0 0 0 0
180 0.001 -0.0003 -0.0003 0 0 0 19.9 -3.80698e-14 -3.80698e-14 0 0 0 0.000995 -0.0002985 -0.0002985 0 0 0 0 0 0 0 0 0 0 0 0 0 0 0 0 0 0
181 0.00095 -0.000285 -0.000285 0 0 0 18.9 -1.92898e-14 -1.92898e-14 0 0 0 0.000945 -0.0002835 -0.0002835 0 0 0 0 0 0 0 0 0 0 0 0 0 0 0 0 0 0
182 0.0009 -0.00027 -0.00027 0 0 0 17.9 1.67121e-14 1.67121e-14 0 0 0 0.000895 -0.0002685 -0.0002685 0 0 0 0 0 0 0 0 0 0 0 0 0 0 0 0 0 0
183 0.00085 -0.000255 -0.000255 0 0 0 16.9 3.72144e-14 3.72144e-14 0 0 0 0.000845 -0.0002535 -0.0002535 0 0 0 0 0 0 0 0 0 0 0 0 0 0 0 0 0 0
184 0.0008 -0.00024 -0.00024 0 0 0 15.9 1.91679e-14 1.91679e-14 0 0 0 0.000795 -0.0002385 -0.0002385 0 0 0 0 0 0 0 0 0 0 0 0 0 0 0 0 0 0
185 0.00075 -0.000225 -0.000225 0 0 0 14.9 -1.70699e-14 -1.70699e-14 0 0 0 0.000745 -0.0002235 -0.0002235 0 0 0 0 0 0 0 0 0 0 0 0 0 0 0 0 0 0
186 0.0007 -0.00021 -0.00021 0 0 0 13.9 -3.59774e-14 -3.59774e-14 0 0 0 0.000695 -0.0002085 -0.0002085 0 0 0 0 0 0 0 0 0 0 0 0 0 0 0 0 0 0
187 0.00065 -0.000195 -0.000195 0 0 0 12.9 -1.85296e-14 -1.85296e-14 0 0 0 0.000645 -0.0001935 -0.0001935 0 0 0 0 0 0 0 0 0 0 0 0 0 0 0 0 0 0
188 0.0006 -0.00018 -0.00018 0 0 0 11.9 1.70823e-14 1.70823e-14 0 0 0 0.000595 -0.0001785 -0.0001785 0 0 0 0 0 0 0 0 0 0 0 0 0 0 0 0 0 0
189 0.00055 -0.000165 -0.000165 0 0 0 10.9 3.62523e-14 3.62523e-14 0 0 0 0.000545 -0.0001635 -0.0001635 0 0 0 0 0 0 0 0 0 0 0 0 0 0 0 0 0 0
190 0.0005 -0.00015 -0.00015 0 0 0 9.9 1.95381e-14 1.95381e-14 0 0 0 0.000495 -0.0001485 -0.0001485 0 0 0 0 0 0 0 0 0 0 0 0 0 0 0 0 0 0
191 0.00045 -0.000135 -0.000135 0 0 0 8.9 -1.75607e-14 -1.75607e-14 0 0 0 0.000445 -0.0001335 -0.0001335 0 0 0 0 0 0 0 0 0 0 0 0 0 0 0 0 0 0
192 0.0004 -0.00012 -0.00012 0 0 0 7.9 -3.69124e-14 -3.69124e-14 0 0 0 0.000395 -0.0001185 -0.0001185 0 0 0 0 0 0 0 0 0 0 0 0 0 0 0 0 0 0
193 0.00035 -0.000105 -0.000105 0 0 0 6.9 -1.92561e-14 -1.92561e-14 0 0 0 0.000345 -0.0001035 -0.0001035 0 0 0 0 0 0 0 0 0 0 0 0 0 0 0 0 0 0
194 0.0003 -9e-05 -9e-05 0 0 0 5.9 1.74525e-14 1.74525e-14 0 0 0 0.000295 -8.85e-05 -8.85e-05 0 0 0 0 0 0 0 0 0 0 0 0 0 0 0 0 0 0
195 0.00025 -7.5e-05 -7.5e-05 0 0 0 4.9 3.70531e-14 3.70531e-14 0 0 0 0.000245 -7.35e-05 -7.35e-05 0 0 0 0 0 0 0 0 0 0 0 0 0 0 0 0 0 0
196 0.0002 -6e-05 -6e-05 0 0 0 3.9 2.04363e-14 2.04363e-14 0 0 0 0.000195 -5.85e-05 -5.85e-05 0 0 0 0 0 0 0 0 0 0 0 0 0 0 0 0 0 0
197 0.00015 -4.5e-05 -4.5e-05 0 0 0 2.9 -1.6871e-14 -1.6871e-14 0 0 0 0.000145 -4.35e-05 -4.35e-05 0 0 0 0 0 0 0 0 0 0 0 0 0 0 0 0 0 0
198 0.0001 -3e-05 -3e-05 0 0 0 1.9 -3.71291e-14 -3.71291e-14 0 0 0 9.5e-05 -2.85e-05 -2.85e-05 0 0 0 0 0 0 0 0 0 0 0 0 0 0 0 0 0 0
199 5e-05 -1.5e-05 -1.5e-05 0 0 0 0.9 -2.0164e-14 -2.0164e-14 0 0 0 4.5e-05 -1.35e-05 -1.35e-05 0 0 0 0 0 0 0 0 0 0 0 0 0 0 0 0 0 0
200 -1.35525e-19 2.6674e-17 2.6674e-17 0 0 0 -0.1 1.68397e-14 1.68397e-14 0 0 0 -5e-06 1.5e-06 1.5e-06 0 0 0 0 0 0 0 0 0 0 0 0 0 0 0 0 0 0
201 5e-05 -1.5e-05 -1.5e-05 0 0 0 0.9 -5.3547e-17 1.02828e-16 0 0 0 4.5e-05 -1.35e-05 -1.35e-05 0 0 0 0 0 0 0 0 0 0 0 0 0 0 0 0 0 0
202 0.0001 -3e-05 -3e-05 0 0 0 1.9 -1.69259e-14 -1.67696e-14 0 0 0 9.5e-05 -2.85e-05 -2.85e-05 0 0 0 0 0 0 0 0 0 0 0 0 0 0 0 0 0 0
203 0.00015 -4.5e-05 -4.5e-05 0 0 0 2.9 -1.65745e-14 -1.65745e-14 0 0 0 0.000145 -4.35e-05 -4.35e-05 0 0 0 0 0 0 0 0 0 0 0 0 0 0 0 0 0 0
204 0.0002 -6e-05 -6e-05 0 0 0 3.9 4.9315e-16 2.84649e-16 0 0 0 0.000195 -5.85e-05 -5.85e-05 0 0 0 0 0 0 0 0 0 0 0 0 0 0 0 0 0 0
205 0.00025 -7.5e-05 -7.5e-05 0 0 0 4.9 1.72345e-14 1.68175e-14 0 0 0 0.000245 -7.35e-05 -7.35e-05 0 0 0 0 0 0 0 0 0 0 0 0 0 0 0 0 0 0
206 0.0003 -9e-05 -9e-05 0 0 0 5.9 1.71168e-14 1.71168e-14 0 0 0 0.000295 -8.85e-05 -8.85e-05 0 0 0 0 0 0 0 0 0 0 0 0 0 0 0 0 0 0
207 0.00035 -0.000105 -0.000105 0 0 0 6.9 -9.54135e-17 3.21587e-16 0 0 0 0.000345 -0.0001035 -0.0001035 0 0 0 0 0 0 0 0 0 0 0 0 0 0 0 0 0 0
208 0.0004 -0.00012 -0.00012 0 0 0 7.9 -1.73347e-14 -1.69177e-14 0 0 0 0.000395 -0.0001185 -0.0001185 0 0 0 0 0 0 0 0 0 0 0 0 0 0 0 0 0 0
209 0.00045 -0.000135 -0.000135 0 0 0 8.9 -1.74795e-14 -1.74795e-14 0 0 0 0.000445 -0.0001335 -0.0001335 0 0 0 0 0 0 0 0 0 0 0 0 0 0 0 0 0 0
210 0.0005 -0.00015 -0.00015 0 0 0 9.9 -7.65242e-16 -1.18224e-15 0 0 0 0.000495 -0.0001485 -0.0001485 0 0 0 0 0 0 0 0 0 0 0 0 0 0 0 0 0 0
211 0.00055 -0.000165 -0.000165 0 0 0 10.9 1.63931e-14 1.59761e-14 0 0 0 0.000545 -0.0001635 -0.0001635 0 0 0 0 0 0 0 0 0 0 0 0 0 0 0 0 0 0
212 0.0006 -0.00018 -0.00018 0 0 0 11.9 1.75806e-14 1.75806e-14 0 0 0 0.000595 -0.0001785 -0.0001785 0 0 0 0 0 0 0 0 0 0 0 0 0 0 0 0 0 0
213 0.00065 -0.000195 -0.000195 0 0 0 12.9 5.76876e-16 9.93877e-16 0 0 0 0.000645 -0.0001935 -0.0001935 0 0 0 0 0 0 0 0 0 0 0 0 0 0 0 0 0 0
214 0.0007 -0.00021 -0.00021 0 0 0 13.9 -1.64268e-14 -1.60098e-14 0 0 0 0.000695 -0.0002085 -0.0002085 0 0 0 0 0 0 0 0 0 0 0 0 0 0 0 0 0 0
215 0.00075 -0.000225 -0.000225 0 0 0 14.9 -1.65716e-14 -1.65716e-14 0 0 0 0.000745 -0.0002235 -0.0002235 0 0 0 0 0 0 0 0 0 0 0 0 0 0 0 0 0 0
216 0.0008 -0.00024 -0.00024 0 0 0 15.9 -1.57954e-15 -1.99654e-15 0 0 0 0.000795 -0.0002385 -0.0002385 0 0 0 0 0 0 0 0 0 0 0 0 0 0 0 0 0 0
217 0.00085 -0.000255 -0.000255 0 0 0 16.9 1.56059e-14 1.47719e-14 0 0 0 0.000845 -0.0002535 -0.0002535 0 0 0 0 0 0 0 0 0 0 0 0 0 0 0 0 0 0
218 0.0009 -0.00027 -0.00027 0 0 0 17.9 1.68205e-14 1.68205e-14 0 0 0 0.000895 -0.0002685 -0.0002685 0 0 0 0 0 0 0 0 0 0 0 0 0 0 0 0 0 0
219 0.00095 -0.000285 -0.000285 0 0 0 18.9 -1.07143e-15 -2.37426e-16 0 0 0 0.000945 -0.0002835 -0.0002835 0 0 0 0 0 0 0 0 0 0 0 0 0 0 0 0 0 0
220 0.001 -0.0003 -0.0003 0 0 0 19.9 -1.54648e-14 -1.46308e-14 0 0 0 0.000995 -0.0002985 -0.0002985 0 0 0 0 0 0 0 0 0 0 0 0 0 0 0 0 0 0
221 0.00105 -0.000315 -0.000315 0 0 0 20.9 -1.43044e-14 -1.43044e-14 0 0 0 0.001045 -0.0003135 -0.0003135 0 0 0 0 0 0 0 0 0 0 0 0 0 0 0 0 0 0
222 0.0011 -0.00033 -0.00033 0 0 0 21.9 -2.00488e-16 -1.03449e-15 0 0 0 0.001095 -0.0003285 -0.0003285 0 0 0 0 0 0 0 0 0 0 0 0 0 0 0 0 0 0
223 0.00115 -0.000345 -0.000345 0 0 0 22.9 1.56256e-14 1.47916e-14 0 0 0 0.001145 -0.0003435 -0.0003435 0 0 0 0 0 0 0 0 0 0 0 0 0 0 0 0 0 0
224 0.0012 -0.00036 -0.00036 0 0 0 23.9 1.58978e-14 1.58978e-14 0 0 0 0.001195 -0.0003585 -0.0003585 0 0 0 0 0 0 0 0 0 0 0 0 0 0 0 0 0 0
225 0.00125 -0.000375 -0.000375 0 0 0 24.9 -1.10591e-15 -2.71904e-16 0 0 0 0.001245 -0.0003735 -0.0003735 0 0 0 0 0 0 0 0 0 0 0 0 0 0 0 0 0 0
226 0.0013 -0.00039 -0.00039 0 0 0 25.9 -1.64416e-14 -1.56076e-14 0 0 0 0.001295 -0.0003885 -0.0003885 0 0 0 0 0 0 0 0 0 0 0 0 0 0 0 0 0 0
227 0.00135 -0.000405 -0.000405 0 0 0 26.9 -1.61694e-14 -1.61694e-14 0 0 0 0.001345 -0.0004035 -0.0004035 0 0 0 0 0 0 0 0 0 0 0 0 0 0 0 0 0 0
228 0.0014 -0.00042 -0.00042 0 0 0 27.9 3.15522e-15 2.32122e-15 0 0 0 0.001395 -0.0004185 -0.0004185 0 0 0 0 0 0 0 0 0 0 0 0 0 0 0 0 0 0
229 0.00145 -0.000435 -0.000435 0 0 0 28.9 1.54827e-14 1.46487e-14 0 0 0 0.001445 -0.0004335 -0.0004335 0 0 0 0 0 0 0 0 0 0 0 0 0 0 0 0 0 0
230 0.0015 -0.00045 -0.00045 0 0 0 29.9 1.58633e-14 1.58633e-14 0 0 0 0.001495 -0.0004485 -0.0004485 0 0 0 0 0 0 0 0 0 0 0 0 0 0 0 0 0 0
231 0.00155 -0.000465 -0.000465 0 0 0 30.9 -2.08274e-15 -1.24874e-15 0 0 0 0.001545 -0.0004635 -0.0004635 0 0 0 0 0 0 0 0 0 0 0 0 0 0 0 0 0 0
232 0.0016 -0.00048 -0.00048 0 0 0 31.9 -1.64761e-14 -1.56421e-14 0 0 0 0.001595 -0.0004785 -0.0004785 0 0 0 0 0 0 0 0 0 0 0 0 0 0 0 0 0 0
233 0.00165 -0.000495 -0.000495 0 0 0 32.9 -1.88142e-14 -1.71462e-14 0 0 0 0.001645 -0.0004935 -0.0004935 0 0 0 0 0 0 0 0 0 0 0 0 0 0 0 0 0 0
234 0.0017 -0.00051 -0.00051 0 0 0 33.9 -1.32015e-15 -1.32015e-15 0 0 0 0.001695 -0.0005085 -0.0005085 0 0 0 0 0 0 0 0 0 0 0 0 0 0 0 0 0 0
235 0.00175 -0.000525 -0.000525 0 0 0 34.9 2.23912e-14 2.07231e-14 0 0 0 0.001745 -0.0005235 -0.0005235 0 0 0 0 0 0 0 0 0 0 0 0 0 0 0 0 0 0
236 0.0018 -0.00054 -0.00054 0 0 0 35.9 1.99989e-14 1.83309e-14 0 0 0 0.001795 -0.0005385 -0.0005385 0 0 0 0 0 0 0 0 0 0 0 0 0 0 0 0 0 0
237 0.00185 -0.000555 -0.000555 0 0 0 36.9 -1.28321e-15 -1.28321e-15 0 0 0 0.001845 -0.0005535 -0.0005535 0 0 0 0 0 0 0 0 0 0 0 0 0 0 0 0 0 0
238 0.0019 -0.00057 -0.00057 0 0 0 37.9 -2.26737e-14 -2.10056e-14 0 0 0 0.001895 -0.0005685 -0.0005685 0 0 0 0 0 0 0 0 0 0 0 0 0 0 0 0 0 0
239 0.00195 -0.000585 -0.000585 0 0 0 38.9 -1.80689e-14 -1.64009e-14 0 0 0 0.001945 -0.0005835 -0.0005835 0 0 0 0 0 0 0 0 0 0 0 0 0 0 0 0 0 0
240 0.002 -0.0006 -0.0006 0 0 0 39.9 -1.46298e-15 -1.46298e-15 0 0 0 0.001995 -0.0005985 -0.0005985 0 0 0 0 0 0 0 0 0 0 0 0 0 0 0 0 0 0
241 0.00205 -0.000615 -0.000615 0 0 0 40.9 1.69193e-14 1.52512e-14 0 0 0 0.002045 -0.0006135 -0.0006135 0 0 0 0 0 0 0 0 0 0 0 0 0 0 0 0 0 0
242 0.0021 -0.00063 -0.00063 0 0 0 41.9 1.2859e-14 1.1191e-14 0 0 0 0.002095 -0.0006285 -0.0006285 0 0 0 0 0 0 0 0 0 0 0 0 0 0 0 0 0 0
243 0.00215 -0.000645 -0.000645 0 0 0 42.9 -1.5344e-15 -1.5344e-15 0 0 0 0.002145 -0.0006435 -0.0006435 0 0 0 0 0 0 0 0 0 0 0 0 0 0 0 0 0 0
244 0.0022 -0.00066 -0.00066 0 0 0 43.9 -1.08154e-14 -9.1474e-15 0 0 0 0.002195 -0.0006585 -0.0006585 0 0 0 0 0 0 0 0 0 0 0 0 0 0 0 0 0 0
245 0.00225 -0.000675 -0.000675 0 0 0 44.9 -9.65497e-15 -7.98696e-15 0 0 0 0.002245 -0.0006735 -0.0006735 0 0 0 0 0 0 0 0 0 0 0 0 0 0 0 0 0 0
246 0.0023 -0.00069 -0.00069 0 0 0 45.9 1.83855e-15 1.83855e-15 0 0 0 0.002295 -0.0006885 -0.0006885 0 0 0 0 0 0 0 0 0 0 0 0 0 0 0 0 0 0
247 0.00235 -0.000705 -0.000705 0 0 0 46.9 1.67764e-14 1.51084e-14 0 0 0 0.002345 -0.0007035 -0.0007035 0 0 0 0 0 0 0 0 0 0 0 0 0 0 0 0 0 0
248 0.0024 -0.00072 -0.00072 0 0 0 47.9 9.27178e-15 7.60377e-15 0 0 0 0.002395 -0.0007185 -0.0007185 0 0 0 0 0 0 0 0 0 0 0 0 0 0 0 0 0 0
249 0.00245 -0.000735 -0.000735 0 0 0 48.9 -1.03423e-14 -1.03423e-14 0 0 0 0.002445 -0.0007335 -0.0007335 0 0 0 0 0 0 0 0 0 0 0 0 0 0 0 0 0 0
250 0.0025 -0.00075 -0.00075 0 0 0 49.9 -1.79553e-14 -1.62873e-14 0 0 0 0.002495 -0.0007485 -0.0007485 0 0 0 0 0 0 0 0 0 0 0 0 0 0 0 0 0 0
251 0.00255 -0.000765 -0.000765 0 0 0 50.9 -6.35344e-15 -4.68543e-15 0 0 0 0.002545 -0.0007635 -0.0007635 0 0 0 0 0 0 0 0 0 0 0 0 0 0 0 0 0 0
252 0.0026 -0.00078 -0.00078 0 0 0 51.9 1.39135e-14 1.39135e-14 0 0 0 0.002595 -0.0007785 -0.0007785 0 0 0 0 0 0 0 0 0 0 0 0 0 0 0 0 0 0
253 0.00265 -0.000795 -0.000795 0 0 0 52.9 1.67419e-14 1.50739e-14 0 0 0 0.002645 -0.0007935 -0.0007935 0 0 0 0 0 0 0 0 0 0 0 0 0 0 0 0 0 0
254 0.0027 -0.00081 -0.00081 0 0 0 53.9 5.68459e-15 4.01658e-15 0 0 0 0.002695 -0.0008085 -0.0008085 0 0 0 0 0 0 0 0 0 0 0 0 0 0 0 0 0 0
255 0.00275 -0.000825 -0.000825 0 0 0 54.9 -1.21531e-14 -1.21531e-14 0 0 0 0.002745 -0.0008235 -0.0008235 0 0 0 0 0 0 0 0 0 0 0 0 0 0 0 0 0 0
256 0.0028 -0.00084 -0.00084 0 0 0 55.9 -1.78814e-14 -1.62134e-14 0 0 0 0.002795 -0.0008385 -0.0008385 0 0 0 0 0 0 0 0 0 0 0 0 0 0 0 0 0 0
257 0.00285 -0.000855 -0.000855 0 0 0 56.9 -8.27262e-15 -6.60462e-15 0 0 0 0.002845 -0.0008535 -0.0008535 0 0 0 0 0 0 0 0 0 0 0 0 0 0 0 0 0 0
258 0.0029 -0.00087 -0.00087 0 0 0 57.9 1.54387e-14 1.54387e-14 0 0 0 0.002895 -0.0008685 -0.0008685 0 0 0 0 0 0 0 0 0 0 0 0 0 0 0 0 0 0
259 0.00295 -0.000885 -0.000885 0 0 0 58.9 2.00435e-14 1.83755e-14 0 0 0 0.002945 -0.0008835 -0.0008835 0 0 0 0 0 0 0 0 0 0 0 0 0 0 0 0 0 0
260 0.003 -0.0009 -0.0009 0 0 0 59.9 5.54175e-15 3.87375e-15 0 0 0 0.002995 -0.0008985 -0.0008985 0 0 0 0 0 0 0 0 0 0 0 0 0 0 0 0 0 0
261 0.00305 -0.000915 -0.000915 0 0 0 60.9 -2.10694e-14 -2.10694e-14 0 0 0 0.003045 -0.0009135 -0.0009135 0 0 0 0 0 0 0 0 0 0 0 0 0 0 0 0 0 0
262 0.0031 -0.00093 -0.00093 0 0 0 61.9 -1.80243e-14 -1.63563e-14 0 0 0 0.003095 -0.0009285 -0.0009285 0 0 0 0 0 0 0 0 0 0 0 0 0 0 0 0 0 0
263 0.00315 -0.000945 -0.000945 0 0 0 62.9 -3.08638e-15 -1.41838e-15 0 0 0 0.003145 -0.0009435 -0.0009435 0 0 0 0 0 0 0 0 0 0 0 0 0 0 0 0 0 0
264 0.0032 -0.00096 -0.00096 0 0 0 63.9 1.69639e-14 1.69639e-14 0 0 0 0.003195 -0.0009585 -0.0009585 0 0 0 0 0 0 0 0 0 0 0 0 0 0 0 0 0 0
265 0.00325 -0.000975 -0.000975 0 0 0 64.9 2.51214e-14 2.34534e-14 0 0 0 0.003245 -0.0009735 -0.0009735 0 0 0 0 0 0 0 0 0 0 0 0 0 0 0 0 0 0
266 0.0033 -0.00099 -0.00099 0 0 0 65.9 2.06292e-15 2.06292e-15 0 0 0 0.003295 -0.0009885 -0.0009885 0 0 0 0 0 0 0 0 0 0 0 0 0 0 0 0 0 0
267 0.00335 -0.001005 -0.001005 0 0 0 66.9 -2.63246e-14 -2.63246e-14 0 0 0 0.003345 -0.0010035 -0.0010035 0 0 0 0 0 0 0 0 0 0 0 0 0 0 0 0 0 0
268 0.0034 -0.00102 -0.00102 0 0 0 67.9 -2.33878e-14 -2.33878e-14 0 0 0 0.003395 -0.0010185 -0.0010185 0 0 0 0 0 0 0 0 0 0 0 0 0 0 0 0 0 0
269 0.00345 -0.001035 -0.001035 0 0 0 68.9 3.76786e-15 3.76786e-15 0 0 0 0.003445 -0.0010335 -0.0010335 0 0 0 0 0 0 0 0 0 0 0 0 0 0 0 0 0 0
270 0.0035 -0.00105 -0.00105 0 0 0 69.9 3.09235e-14 3.09235e-14 0 0 0 0.003495 -0.0010485 -0.0010485 0 0 0 0 0 0 0 0 0 0 0 0 0 0 0 0 0 0
271 0.00355 -0.001065 -0.001065 0 0 0 70.9 2.49785e-14 2.49785e-14 0 0 0 0.003545 -0.0010635 -0.0010635 0 0 0 0 0 0 0 0 0 0 0 0 0 0 0 0 0 0
272 0.0036 -0.00108 -0.00108 0 0 0 71.9 -4.96863e-15 -4.96863e-15 0 0 0 0.003595 -0.0010785 -0.0010785 0 0 0 0 0 0 0 0 0 0 0 0 0 0 0 0 0 0
273 0.00365 -0.001095 -0.001095 0 0 0 72.9 -3.15798e-14 -3.15798e-14 0 0 0 0.003645 -0.0010935 -0.0010935 0 0 0 0 0 0 0 0 0 0 0 0 0 0 0 0 0 0
274 0.0037 -0.00111 -0.00111 0 0 0 73.9 -2.70833e-14 -2.70833e-14 0 0 0 0.003695 -0.0011085 -0.0011085 0 0 0 0 0 0 0 0 0 0 0 0 0 0 0 0 0 0
275 0.00375 -0.001125 -0.001125 0 0 0 74.9 8.73739e-15 8.73739e-15 0 0 0 0.003745 -0.0011235 -0.0011235 0 0 0 0 0 0 0 0 0 0 0 0 0 0 0 0 0 0
276 0.0038 -0.00114 -0.00114 0 0 0 75.9 3.76694e-14 3.76694e-14 0 0 0 0.003795 -0.0011385 -0.0011385 0 0 0 0 0 0 0 0 0 0 0 0 0 0 0 0 0 0
277 0.00385 -0.001155 -0.001155 0 0 0 76.9 2.48357e-14 2.48357e-14 0 0 0 0.003845 -0.0011535 -0.0011535 0 0 0 0 0 0 0 0 0 0 0 0 0 0 0 0 0 0
278 0.0039 -0.00117 -0.00117 0 0 0 77.9 -1.55529e-14 -1.55529e-14 0 0 0 0.003895 -0.0011685 -0.0011685 0 0 0 0 0 0 0 0 0 0 0 0 0 0 0 0 0 0
279 0.00395 -0.001185 -0.001185 0 0 0 78.9 -3.86113e-14 -3.86113e-14 0 0 0 0.003945 -0.0011835 -0.0011835 0 0 0 0 0 0 0 0 0 0 0 0 0 0 0 0 0 0
280 0.004 -0.0012 -0.0012 0 0 0 79.9 -2.36735e-14 -2.36735e-14 0 0 0 0.003995 -0.0011985 -0.0011985 0 0 0 0 0 0 0 0 0 0 0 0 0 0 0 0 0 0
281 0.00405 -0.001215 -0.001215 0 0 0 80.9 2.61414e-14 2.61414e-14 0 0 0 0.004045 -0.0012135 -0.0012135 0 0 0 0 0 0 0 0 0 0 0 0 0 0 0 0 0 0
282 0.0041 -0.00123 -0.00123 0 0 0 81.9 4.10793e-14 4.10793e-14 0 0 0 0.004095 -0.0012285 -0.0012285 0 0 0 0 0 0 0 0 0 0 0 0 0 0 0 0 0 0
283 0.00415 -0.001245 -0.001245 0 0 0 82.9 2.17903e-14 2.17903e-14 0 0 0 0.004145 -0.0012435 -0.0012435 0 0 0 0 0 0 0 0 0 0 0 0 0 0 0 0 0 0
284 0.0042 -0.00126 -0.00126 0 0 0 83.9 -1.85983e-14 -1.85983e-14 0 0 0 0.004195 -0.0012585 -0.0012585 0 0 0 0 0 0 0 0 0 0 0 0 0 0 0 0 0 0
285 0.00425 -0.001275 -0.001275 0 0 0 84.9 -4.14401e-14 -4.14401e-14 0 0 0 0.004245 -0.0012735 -0.0012735 0 0 0 0 0 0 0 0 0 0 0 0 0 0 0 0 0 0
286 0.0043 -0.00129 -0.00129 0 0 0 85.9 -2.29495e-14 -2.29495e-14 0 0 0 0.004295 -0.0012885 -0.0012885 0 0 0 0 0 0 0 0 0 0 0 0 0 0 0 0 0 0
287 0.00435 -0.001305 -0.001305 0 0 0 86.9 1.62073e-14 1.62073e-14 0 0 0 0.004345 -0.0013035 -0.0013035 0 0 0 0 0 0 0 0 0 0 0 0 0 0 0 0 0 0
288 0.0044 -0.00132 -0.00132 0 0 0 87.9 4.89087e-14 4.89087e-14 0 0 0 0.004395 -0.0013185 -0.0013185 0 0 0 0 0 0 0 0 0 0 0 0 0 0 0 0 0 0
289 0.00445 -0.001335 -0.001335 0 0 0 88.9 2.58503e-14 2.58503e-14 0 0 0 0.004445 -0.0013335 -0.0013335 0 0 0 0 0 0 0 0 0 0 0 0 0 0 0 0 0 0
290 0.0045 -0.00135 -0.00135 0 0 0 89.9 -2.49798e-14 -2.49798e-14 0 0 0 0.004495 -0.0013485 -0.0013485 0 0 0 0 0 0 0 0 0 0 0 0 0 0 0 0 0 0
291 0.00455 -0.001365 -0.001365 0 0 0 90.9 -4.42688e-14 -4.42688e-14 0 0 0 0.004545 -0.0013635 -0.0013635 0 0 0 0 0 0 0 0 0 0 0 0 0 0 0 0 0 0
292 0.0046 -0.00138 -0.00138 0 0 0 91.9 -1.88895e-14 -1.88895e-14 0 0 0 0.004595 -0.0013785 -0.0013785 0 0 0 0 0 0 0 0 0 0 0 0 0 0 0 0 0 0
293 0.00465 -0.001395 -0.001395 0 0 0 92.9 2.382e-14 2.382e-14 0 0 0 0.004645 -0.0013935 -0.0013935 0 0 0 0 0 0 0 0 0 0 0 0 0 0 0 0 0 0
294 0.0047 -0.00141 -0.00141 0 0 0 93.9 4.25273e-14 4.25273e-14 0 0 0 0.004695 -0.0014085 -0.0014085 0 0 0 0 0 0 0 0 0 0 0 0 0 0 0 0 0 0
295 0.00475 -0.001425 -0.001425 0 0 0 94.9 1.94688e-14 1.94688e-14 0 0 0 0.004745 -0.0014235 -0.0014235 0 0 0 0 0 0 0 0 0 0 0 0 0 0 0 0 0 0
296 0.0048 -0.00144 -0.00144 0 0 0 95.9 -2.09197e-14 -2.09197e-14 0 0 0 0.004795 -0.0014385 -0.0014385 0 0 0 0 0 0 0 0 0 0 0 0 0 0 0 0 0 0
297 0.00485 -0.001455 -0.001455 0 0 0 96.9 -4.37615e-14 -4.37615e-14 0 0 0 0.004845 -0.0014535 -0.0014535 0 0 0 0 0 0 0 0 0 0 0 0 0 0 0 0 0 0
298 0.0049 -0.00147 -0.00147 0 0 0 97.9 -2.17182e-14 -2.17182e-14 0 0 0 0.004895 -0.0014685 -0.0014685 0 0 0 0 0 0 0 0 0 0 0 0 0 0 0 0 0 0
299 0.00495 -0.001485 -0.001485 0 0 0 98.9 2.09913e-14 2.09913e-14 0 0 0 0.004945 -0.0014835 -0.0014835 0 0 0 0 0 0 0 0 0 0 0 0 0 0 0 0 0 0
300 0.005 -0.0015 -0.0015 0 0 0 99.9 3.96986e-14 3.96986e-14 0 0 0 0.004995 -0.0014985 -0.0014985 0 0 0 0 0 0 0 0 0 0 0 0 0 0 0 0 0 0
301 0.00495 -0.001485 -0.001485 0 0 0 98.9 -3.01089e-15 -3.01089e-15 0 0 0 0.004945 -0.0014835 -0.0014835 0 0 0 0 0 0 0 0 0 0 0 0 0 0 0 0 0 0
302 0.0049 -0.00147 -0.00147 0 0 0 97.9 -4.57203e-14 -4.57203e-14 0 0 0 0.004895 -0.0014685 -0.0014685 0 0 0 0 0 0 0 0 0 0 0 0 0 0 0 0 0 0
303 0.00485 -0.001455 -0.001455 0 0 0 96.9 -4.37615e-14 -4.37615e-14 0 0 0 0.004845 -0.0014535 -0.0014535 0 0 0 0 0 0 0 0 0 0 0 0 0 0 0 0 0 0
304 0.0048 -0.00144 -0.00144 0 0 0 95.9 7.06855e-15 7.06855e-15 0 0 0 0.004795 -0.0014385 -0.0014385 0 0 0 0 0 0 0 0 0 0 0 0 0 0 0 0 0 0
305 0.00475 -0.001425 -0.001425 0 0 0 94.9 4.74571e-14 4.74571e-14 0 0 0 0.004745 -0.0014235 -0.0014235 0 0 0 0 0 0 0 0 0 0 0 0 0 0 0 0 0 0
306 0.0047 -0.00141 -0.00141 0 0 0 93.9 4.25273e-14 4.25273e-14 0 0 0 0.004695 -0.0014085 -0.0014085 0 0 0 0 0 0 0 0 0 0 0 0 0 0 0 0 0 0
307 0.00465 -0.001395 -0.001395 0 0 0 92.9 -1.82171e-16 -1.82171e-16 0 0 0 0.004645 -0.0013935 -0.0013935 0 0 0 0 0 0 0 0 0 0 0 0 0 0 0 0 0 0
308 0.0046 -0.00138 -0.00138 0 0 0 91.9 -4.28916e-14 -4.28916e-14 0 0 0 0.004595 -0.0013785 -0.0013785 0 0 0 0 0 0 0 0 0 0 0 0 0 0 0 0 0 0
309 0.00455 -0.001365 -0.001365 0 0 0 90.9 -4.42688e-14 -4.42688e-14 0 0 0 0.004545 -0.0013635 -0.0013635 0 0 0 0 0 0 0 0 0 0 0 0 0 0 0 0 0 0
310 0.0045 -0.00135 -0.00135 0 0 0 89.9 -7.43289e-15 -7.43289e-15 0 0 0 0.004495 -0.0013485 -0.0013485 0 0 0 0 0 0 0 0 0 0 0 0 0 0 0 0 0 0
311 0.00445 -0.001335 -0.001335 0 0 0 88.9 3.96277e-14 3.96277e-14 0 0 0 0.004445 -0.0013335 -0.0013335 0 0 0 0 0 0 0 0 0 0 0 0 0 0 0 0 0 0
312 0.0044 -0.00132 -0.00132 0 0 0 87.9 4.89087e-14 4.89087e-14 0 0 0 0.004395 -0.0013185 -0.0013185 0 0 0 0 0 0 0 0 0 0 0 0 0 0 0 0 0 0
313 0.00435 -0.001305 -0.001305 0 0 0 86.9 2.64655e-15 2.64655e-15 0 0 0 0.004345 -0.0013035 -0.0013035 0 0 0 0 0 0 0 0 0 0 0 0 0 0 0 0 0 0
314 0.0043 -0.00129 -0.00129 0 0 0 85.9 -4.38323e-14 -4.38323e-14 0 0 0 0.004295 -0.0012885 -0.0012885 0 0 0 0 0 0 0 0 0 0 0 0 0 0 0 0 0 0
315 0.00425 -0.001275 -0.001275 0 0 0 84.9 -4.14401e-14 -4.14401e-14 0 0 0 0.004245 -0.0012735 -0.0012735 0 0 0 0 0 0 0 0 0 0 0 0 0 0 0 0 0 0
316 0.0042 -0.00126 -0.00126 0 0 0 83.9 -1.05146e-15 -1.05146e-15 0 0 0 0.004195 -0.0012585 -0.0012585 0 0 0 0 0 0 0 0 0 0 0 0 0 0 0 0 0 0
317 0.00415 -0.001245 -0.001245 0 0 0 82.9 3.2015e-14 3.2015e-14 0 0 0 0.004145 -0.0012435 -0.0012435 0 0 0 0 0 0 0 0 0 0 0 0 0 0 0 0 0 0
318 0.0041 -0.00123 -0.00123 0 0 0 81.9 4.1296e-14 4.1296e-14 0 0 0 0.004095 -0.0012285 -0.0012285 0 0 0 0 0 0 0 0 0 0 0 0 0 0 0 0 0 0
319 0.00405 -0.001215 -0.001215 0 0 0 80.9 9.02798e-15 9.02798e-15 0 0 0 0.004045 -0.0012135 -0.0012135 0 0 0 0 0 0 0 0 0 0 0 0 0 0 0 0 0 0
320 0.004 -0.0012 -0.0012 0 0 0 79.9 -3.38982e-14 -3.38982e-14 0 0 0 0.003995 -0.0011985 -0.0011985 0 0 0 0 0 0 0 0 0 0 0 0 0 0 0 0 0 0
321 0.00395 -0.001185 -0.001185 0 0 0 78.9 -4.90528e-14 -4.90528e-14 0 0 0 0.003945 -0.0011835 -0.0011835 0 0 0 0 0 0 0 0 0 0 0 0 0 0 0 0 0 0
322 0.0039 -0.00117 -0.00117 0 0 0 77.9 1.99396e-15 1.99396e-15 0 0 0 0.003895 -0.0011685 -0.0011685 0 0 0 0 0 0 0 0 0 0 0 0 0 0 0 0 0 0
323 0.00385 -0.001155 -0.001155 0 0 0 76.9 3.88298e-14 3.88298e-14 0 0 0 0.003845 -0.0011535 -0.0011535 0 0 0 0 0 0 0 0 0 0 0 0 0 0 0 0 0 0
324 0.0038 -0.00114 -0.00114 0 0 0 75.9 3.76694e-14 3.76694e-14 0 0 0 0.003795 -0.0011385 -0.0011385 0 0 0 0 0 0 0 0 0 0 0 0 0 0 0 0 0 0
325 0.00375 -0.001125 -0.001125 0 0 0 74.9 -8.59276e-15 -8.59276e-15 0 0 0 0.003745 -0.0011235 -0.0011235 0 0 0 0 0 0 0 0 0 0 0 0 0 0 0 0 0 0
326 0.0037 -0.00111 -0.00111 0 0 0 73.9 -4.08608e-14 -4.08608e-14 0 0 0 0.003695 -0.0011085 -0.0011085 0 0 0 0 0 0 0 0 0 0 0 0 0 0 0 0 0 0
327 0.00365 -0.001095 -0.001095 0 0 0 72.9 -3.84685e-14 -3.84685e-14 0 0 0 0.003645 -0.0010935 -0.0010935 0 0 0 0 0 0 0 0 0 0 0 0 0 0 0 0 0 0
328 0.0036 -0.00108 -0.00108 0 0 0 71.9 1.92009e-15 1.92009e-15 0 0 0 0.003595 -0.0010785 -0.0010785 0 0 0 0 0 0 0 0 0 0 0 0 0 0 0 0 0 0
329 0.00355 -0.001065 -0.001065 0 0 0 70.9 4.23087e-14 4.23087e-14 0 0 0 0.003545 -0.0010635 -0.0010635 0 0 0 0 0 0 0 0 0 0 0 0 0 0 0 0 0 0
330 0.0035 -0.00105 -0.00105 0 0 0 69.9 3.78122e-14 3.78122e-14 0 0 0 0.003495 -0.0010485 -0.0010485 0 0 0 0 0 0 0 0 0 0 0 0 0 0 0 0 0 0
331 0.00345 -0.001035 -0.001035 0 0 0 68.9 -6.67358e-15 -6.67358e-15 0 0 0 0.003445 -0.0010335 -0.0010335 0 0 0 0 0 0 0 0 0 0 0 0 0 0 0 0 0 0
332 0.0034 -0.00102 -0.00102 0 0 0 67.9 -4.42707e-14 -4.42707e-14 0 0 0 0.003395 -0.0010185 -0.0010185 0 0 0 0 0 0 0 0 0 0 0 0 0 0 0 0 0 0
333 0.00335 -0.001005 -0.001005 0 0 0 66.9 -2.78842e-14 -2.78842e-14 0 0 0 0.003345 -0.0010035 -0.0010035 0 0 0 0 0 0 0 0 0 0 0 0 0 0 0 0 0 0
334 0.0033 -0.00099 -0.00099 0 0 0 65.9 1.25044e-14 1.25044e-14 0 0 0 0.003295 -0.0009885 -0.0009885 0 0 0 0 0 0 0 0 0 0 0 0 0 0 0 0 0 0
335 0.00325 -0.000975 -0.000975 0 0 0 64.9 4.07835e-14 4.07835e-14 0 0 0 0.003245 -0.0009735 -0.0009735 0 0 0 0 0 0 0 0 0 0 0 0 0 0 0 0 0 0
336 0.0032 -0.00096 -0.00096 0 0 0 63.9 2.57373e-14 2.57373e-14 0 0 0 0.003195 -0.0009585 -0.0009585 0 0 0 0 0 0 0 0 0 0 0 0 0 0 0 0 0 0
337 0.00315 -0.000945 -0.000945 0 0 0 62.9 -1.34195e-14 -1.34195e-14 0 0 0 0.003145 -0.0009435 -0.0009435 0 0 0 0 0 0 0 0 0 0 0 0 0 0 0 0 0 0
338 0.0031 -0.00093 -0.00093 0 0 0 61.9 -3.87988e-14 -3.87988e-14 0 0 0 0.003095 -0.0009285 -0.0009285 0 0 0 0 0 0 0 0 0 0 0 0 0 0 0 0 0 0
339 0.00305 -0.000915 -0.000915 0 0 0 60.9 -2.78498e-14 -2.78498e-14 0 0 0 0.003045 -0.0009135 -0.0009135 0 0 0 0 0 0 0 0 0 0 0 0 0 0 0 0 0 0
340 0.003 -0.0009 -0.0009 0 0 0 59.9 3.87375e-15 3.87375e-15 0 0 0 0.002995 -0.0008985 -0.0008985 0 0 0 0 0 0 0 0 0 0 0 0 0 0 0 0 0 0
341 0.00295 -0.000885 -0.000885 0 0 0 58.9 4.09263e-14 4.09263e-14 0 0 0 0.002945 -0.0008835 -0.0008835 0 0 0 0 0 0 0 0 0 0 0 0 0 0 0 0 0 0
342 0.0029 -0.00087 -0.00087 0 0 0 57.9 2.93245e-14 2.93245e-14 0 0 0 0.002895 -0.0008685 -0.0008685 0 0 0 0 0 0 0 0 0 0 0 0 0 0 0 0 0 0
343 0.00285 -0.000855 -0.000855 0 0 0 56.9 -1.1717e-14 -1.1717e-14 0 0 0 0.002845 -0.0008535 -0.0008535 0 0 0 0 0 0 0 0 0 0 0 0 0 0 0 0 0 0
344 0.0028 -0.00084 -0.00084 0 0 0 55.9 -3.52116e-14 -3.52116e-14 0 0 0 0.002795 -0.0008385 -0.0008385 0 0 0 0 0 0 0 0 0 0 0 0 0 0 0 0 0 0
345 0.00275 -0.000825 -0.000825 0 0 0 54.9 -2.60389e-14 -2.60389e-14 0 0 0 0.002745 -0.0008235 -0.0008235 0 0 0 0 0 0 0 0 0 0 0 0 0 0 0 0 0 0
346 0.0027 -0.00081 -0.00081 0 0 0 53.9 1.26817e-14 1.26817e-14 0 0 0 0.002695 -0.0008085 -0.0008085 0 0 0 0 0 0 0 0 0 0 0 0 0 0 0 0 0 0
347 0.00265 -0.000795 -0.000795 0 0 0 52.9 3.40721e-14 3.40721e-14 0 0 0 0.002645 -0.0007935 -0.0007935 0 0 0 0 0 0 0 0 0 0 0 0 0 0 0 0 0 0
348 0.0026 -0.00078 -0.00078 0 0 0 51.9 2.42466e-14 2.42466e-14 0 0 0 0.002595 -0.0007785 -0.0007785 0 0 0 0 0 0 0 0 0 0 0 0 0 0 0 0 0 0
349 0.00255 -0.000765 -0.000765 0 0 0 50.9 -1.15742e-14 -1.15742e-14 0 0 0 0.002545 -0.0007635 -0.0007635 0 0 0 0 0 0 0 0 0 0 0 0 0 0 0 0 0 0
350 0.0025 -0.00075 -0.00075 0 0 0 49.9 -3.34007e-14 -3.34007e-14 0 0 0 0.002495 -0.0007485 -0.0007485 0 0 0 0 0 0 0 0 0 0 0 0 0 0 0 0 0 0
351 0.00245 -0.000735 -0.000735 0 0 0 48.9 -2.42281e-14 -2.42281e-14 0 0 0 0.002445 -0.0007335 -0.0007335 0 0 0 0 0 0 0 0 0 0 0 0 0 0 0 0 0 0
352 0.0024 -0.00072 -0.00072 0 0 0 47.9 1.44925e-14 1.44925e-14 0 0 0 0.002395 -0.0007185 -0.0007185 0 0 0 0 0 0 0 0 0 0 0 0 0 0 0 0 0 0
353 0.00235 -0.000705 -0.000705 0 0 0 46.9 3.75509e-14 3.75509e-14 0 0 0 0.002345 -0.0007035 -0.0007035 0 0 0 0 0 0 0 0 0 0 0 0 0 0 0 0 0 0
354 0.0023 -0.00069 -0.00069 0 0 0 45.9 2.43894e-14 2.43894e-14 0 0 0 0.002295 -0.0006885 -0.0006885 0 0 0 0 0 0 0 0 0 0 0 0 0 0 0 0 0 0
355 0.00225 -0.000675 -0.000675 0 0 0 44.9 -1.48757e-14 -1.48757e-14 0 0 0 0.002245 -0.0006735 -0.0006735 0 0 0 0 0 0 0 0 0 0 0 0 0 0 0 0 0 0
356 0.0022 -0.00066 -0.00066 0 0 0 43.9 -3.8587e-14 -3.8587e-14 0 0 0 0.002195 -0.0006585 -0.0006585 0 0 0 0 0 0 0 0 0 0 0 0 0 0 0 0 0 0
357 0.00215 -0.000645 -0.000645 0 0 0 42.9 -2.40853e-14 -2.40853e-14 0 0 0 0.002145 -0.0006435 -0.0006435 0 0 0 0 0 0 0 0 0 0 0 0 0 0 0 0 0 0
358 0.0021 -0.00063 -0.00063 0 0 0 41.9 1.63033e-14 1.63033e-14 0 0 0 0.002095 -0.0006285 -0.0006285 0 0 0 0 0 0 0 0 0 0 0 0 0 0 0 0 0 0
359 0.00205 -0.000615 -0.000615 0 0 0 40.9 3.93618e-14 3.93618e-14 0 0 0 0.002045 -0.0006135 -0.0006135 0 0 0 0 0 0 0 0 0 0 0 0 0 0 0 0 0 0
360 0.002 -0.0006 -0.0006 0 0 0 39.9 2.45322e-14 2.45322e-14 0 0 0 0.001995 -0.0005985 -0.0005985 0 0 0 0 0 0 0 0 0 0 0 0 0 0 0 0 0 0
361 0.00195 -0.000585 -0.000585 0 0 0 38.9 -1.99536e-14 -1.99536e-14 0 0 0 0.001945 -0.0005835 -0.0005835 0 0 0 0 0 0 0 0 0 0 0 0 0 0 0 0 0 0
362 0.0019 -0.00057 -0.00057 0 0 0 37.9 -4.01122e-14 -4.01122e-14 0 0 0 0.001895 -0.0005685 -0.0005685 0 0 0 0 0 0 0 0 0 0 0 0 0 0 0 0 0 0
363 0.00185 -0.000555 -0.000555 0 0 0 36.9 -2.39424e-14 -2.39424e-14 0 0 0 0.001845 -0.0005535 -0.0005535 0 0 0 0 0 0 0 0 0 0 0 0 0 0 0 0 0 0
364 0.0018 -0.00054 -0.00054 0 0 0 35.9 1.64462e-14 1.64462e-14 0 0 0 0.001795 -0.0005385 -0.0005385 0 0 0 0 0 0 0 0 0 0 0 0 0 0 0 0 0 0
365 0.00175 -0.000525 -0.000525 0 0 0 34.9 3.78366e-14 3.78366e-14 0 0 0 0.001745 -0.0005235 -0.0005235 0 0 0 0 0 0 0 0 0 0 0 0 0 0 0 0 0 0
366 0.0017 -0.00051 -0.00051 0 0 0 33.9 2.20105e-14 2.20105e-14 0 0 0 0.001695 -0.0005085 -0.0005085 0 0 0 0 0 0 0 0 0 0 0 0 0 0 0 0 0 0
367 0.00165 -0.000495 -0.000495 0 0 0 32.9 -1.90309e-14 -1.90309e-14 0 0 0 0.001645 -0.0004935 -0.0004935 0 0 0 0 0 0 0 0 0 0 0 0 0 0 0 0 0 0
368 0.0016 -0.00048 -0.00048 0 0 0 31.9 -3.74131e-14 -3.74131e-14 0 0 0 0.001595 -0.0004785 -0.0004785 0 0 0 0 0 0 0 0 0 0 0 0 0 0 0 0 0 0
369 0.00155 -0.000465 -0.000465 0 0 0 30.9 -2.12976e-14 -2.12976e-14 0 0 0 0.001545 -0.0004635 -0.0004635 0 0 0 0 0 0 0 0 0 0 0 0 0 0 0 0 0 0
370 0.0015 -0.00045 -0.00045 0 0 0 29.9 1.91993e-14 1.91993e-14 0 0 0 0.001495 -0.0004485 -0.0004485 0 0 0 0 0 0 0 0 0 0 0 0 0 0 0 0 0 0
371 0.00145 -0.000435 -0.000435 0 0 0 28.9 3.79794e-14 3.79794e-14 0 0 0 0.001445 -0.0004335 -0.0004335 0 0 0 0 0 0 0 0 0 0 0 0 0 0 0 0 0 0
372 0.0014 -0.00042 -0.00042 0 0 0 27.9 1.94888e-14 1.94888e-14 0 0 0 0.001395 -0.0004185 -0.0004185 0 0 0 0 0 0 0 0 0 0 0 0 0 0 0 0 0 0
373 0.00135 -0.000405 -0.000405 0 0 0 26.9 -2.06103e-14 -2.06103e-14 0 0 0 0.001345 -0.0004035 -0.0004035 0 0 0 0 0 0 0 0 0 0 0 0 0 0 0 0 0 0
374 0.0013 -0.00039 -0.00039 0 0 0 25.9 -3.91009e-14 -3.91009e-14 0 0 0 0.001295 -0.0003885 -0.0003885 0 0 0 0 0 0 0 0 0 0 0 0 0 0 0 0 0 0
375 0.00125 -0.000375 -0.000375 0 0 0 24.9 -1.50459e-14 -1.50459e-14 0 0 0 0.001245 -0.0003735 -0.0003735 0 0 0 0 0 0 0 0 0 0 0 0 0 0 0 0 0 0
376 0.0012 -0.00036 -0.00036 0 0 0 23.9 2.01762e-14 2.01762e-14 0 0 0 0.001195 -0.0003585 -0.0003585 0 0 0 0 0 0 0 0 0 0 0 0 0 0 0 0 0 0
377 0.00115 -0.000345 -0.000345 0 0 0 22.9 3.62917e-14 3.62917e-14 0 0 0 0.001145 -0.0003435 -0.0003435 0 0 0 0 0 0 0 0 0 0 0 0 0 0 0 0 0 0
378 0.0011 -0.00033 -0.00033 0 0 0 21.9 1.79095e-14 1.79095e-14 0 0 0 0.001095 -0.0003285 -0.0003285 0 0 0 0 0 0 0 0 0 0 0 0 0 0 0 0 0 0
379 0.00105 -0.000315 -0.000315 0 0 0 20.9 -1.96334e-14 -1.96334e-14 0 0 0 0.001045 -0.0003135 -0.0003135 0 0 0 0 0 0 0 0 0 0 0 0 0 0 0 0 0 0
380 0.001 -0.0003 -0.0003 0 0 0 19.9 -3.80698e-14 -3.80698e-14 0 0 0 0.000995 -0.0002985 -0.0002985 0 0 0 0 0 0 0 0 0 0 0 0 0 0 0 0 0 0
381 0.00095 -0.000285 -0.000285 0 0 0 18.9 -1.92898e-14 -1.92898e-14 0 0 0 0.000945 -0.0002835 -0.0002835 0 0 0 0 0 0 0 0 0 0 0 0 0 0 0 0 0 0
382 0.0009 -0.00027 -0.00027 0 0 0 17.9 1.67121e-14 1.67121e-14 0 0 0 0.000895 -0.0002685 -0.0002685 0 0 0 0 0 0 0 0 0 0 0 0 0 0 0 0 0 0
383 0.00085 -0.000255 -0.000255 0 0 0 16.9 3.72144e-14 3.72144e-14 0 0 0 0.000845 -0.0002535 -0.0002535 0 0 0 0 0 0 0 0 0 0 0 0 0 0 0 0 0 0
384 0.0008 -0.00024 -0.00024 0 0 0 15.9 1.91679e-14 1.91679e-14 0 0 0 0.000795 -0.0002385 -0.0002385 0 0 0 0 0 0 0 0 0 0 0 0 0 0 0 0 0 0
385 0.00075 -0.000225 -0.000225 0 0 0 14.9 -1.70699e-14 -1.70699e-14 0 0 0 0.000745 -0.0002235 -0.0002235 0 0 0 0 0 0 0 0 0 0 0 0 0 0 0 0 0 0
386 0.0007 -0.00021 -0.00021 0 0 0 13.9 -3.59774e-14 -3.59774e-14 0 0 0 0.000695 -0.0002085 -0.0002085 0 0 0 0 0 0 0 0 0 0 0 0 0 0 0 0 0 0
387 0.00065 -0.000195 -0.000195 0 0 0 12.9 -1.85296e-14 -1.85296e-14 0 0 0 0.000645 -0.0001935 -0.0001935 0 0 0 0 0 0 0 0 0 0 0 0 0 0 0 0 0 0
388 0.0006 -0.00018 -0.00018 0 0 0 11.9 1.70823e-14 1.70823e-14 0 0 0 0.000595 -0.0001785 -0.0001785 0 0 0 0 0 0 0 0 0 0 0 0 0 0 0 0 0 0
389 0.00055 -0.000165 -0.000165 0 0 0 10.9 3.62523e-14 3.62523e-14 0 0 0 0.000545 -0.0001635 -0.0001635 0 0 0 0 0 0 0 0 0 0 0 0 0 0 0 0 0 0
390 0.0005 -0.00015 -0.00015 0 0 0 9.9 1.95381e-14 1.95381e-14 0 0 0 0.000495 -0.0001485 -0.0001485 0 0 0 0 0 0 0 0 0 0 0 0 0 0 0 0 0 0
391 0.00045 -0.000135 -0.000135 0 0 0 8.9 -1.75607e-14 -1.75607e-14 0 0 0 0.000445 -0.0001335 -0.0001335 0 0 0 0 0 0 0 0 0 0 0 0 0 0 0 0 0 0
392 0.0004 -0.00012 -0.00012 0 0 0 7.9 -3.69124e-14 -3.69124e-14 0 0 0 0.000395 -0.0001185 -0.0001185 0 0 0 0 0 0 0 0 0 0 0 0 0 0 0 0 0 0
393 0.00035 -0.000105 -0.000105 0 0 0 6.9 -1.92561e-14 -1.92561e-14 0 0 0 0.000345 -0.0001035 -0.0001035 0 0 0 0 0 0 0 0 0 0 0 0 0 0 0 0 0 0
394 0.0003 -9e-05 -9e-05 0 0 0 5.9 1.74525e-14 1.74525e-14 0 0 0 0.000295 -8.85e-05 -8.85e-05 0 0 0 0 0 0 0 0 0 0 0 0 0 0 0 0 0 0
395 0.00025 -7.5e-05 -7.5e-05 0 0 0 4.9 3.70531e-14 3.70531e-14 0 0 0 0.000245 -7.35e-05 -7.35e-05 0 0 0 0 0 0 0 0 0 0 0 0 0 0 0 0 0 0
396 0.0002 -6e-05 -6e-05 0 0 0 3.9 2.04363e-14 2.04363e-14 0 0 0 0.000195 -5.85e-05 -5.85e-05 0 0 0 0 0 0 0 0 0 0 0 0 0 0 0 0 0 0
397 0.00015 -4.5e-05 -4.5e-05 0 0 0 2.9 -1.6871e-14 -1.6871e-14 0 0 0 0.000145 -4.35e-05 -4.35e-05 0 0 0 0 0 0 0 0 0 0 0 0 0 0 0 0 0 0
398 0.0001 -3e-05 -3e-05 0 0 0 1.9 -3.71291e-14 -3.71291e-14 0 0 0 9.5e-05 -2.85e-05 -2.85e-05 0 0 0 0 0 0 0 0 0 0 0 0 0 0 0 0 0 0
399 5e-05 -1.5e-05 -1.5e-05 0 0 0 0.9 -2.0164e-14 -2.0164e-14 0 0 0 4.5e-05 -1.35e-05 -1.35e-05 0 0 0 0 0 0 0 0 0 0 0 0 0 0 0 0 0 0
400 -1.35525e-19 2.86256e-17 2.84087e-17 0 0 0 -0.1 1.68397e-14 1.68397e-14 0 0 0 -5e-06 1.5e-06 1.5e-06 0 0 0 0 0 0 0 0 0 0 0 0 0 0 0 0 0 0
401 5e-05 -1.5e-05 -1.5e-05 0 0 0 0.9 -5.3547e-17 1.02828e-16 0 0 0 4.5e-05 -1.35e-05 -1.35e-05 0 0 0 0 0 0 0 0 0 0 0 0 0 0 0 0 0 0
402 0.0001 -3e-05 -3e-05 0 0 0 1.9 -1.69259e-14 -1.67696e-14 0 0 0 9.5e-05 -2.85e-05 -2.85e-05 0 0 0 0 0 0 0 0 0 0 0 0 0 0 0 0 0 0
403 0.00015 -4.5e-05 -4.5e-05 0 0 0 2.9 -1.65745e-14 -1.65745e-14 0 0 0 0.000145 -4.35e-05 -4.35e-05 0 0 0 0 0 0 0 0 0 0 0 0 0 0 0 0 0 0
404 0.0002 -6e-05 -6e-05 0 0 0 3.9 4.9315e-16 2.84649e-16 0 0 0 0.000195 -5.85e-05 -5.85e-05 0 0 0 0 0 0 0 0 0 0 0 0 0 0 0 0 0 0
405 0.00025 -7.5e-05 -7.5e-05 0 0 0 4.9 1.72345e-14 1.68175e-14 0 0 0 0.000245 -7.35e-05 -7.35e-05 0 0 0 0 0 0 0 0 0 0 0 0 0 0 0 0 0 0
406 0.0003 -9e-05 -9e-05 0 0 0 5.9 1.71168e-14 1.71168e-14 0 0 0 0.000295 -8.85e-05 -8.85e-05 0 0 0 0 0 0 0 0 0 0 0 0 0 0 0 0 0 0
407 0.00035 -0.000105 -0.000105 0 0 0 6.9 -9.54135e-17 3.21587e-16 0 0 0 0.000345 -0.0001035 -0.0001035 0 0 0 0 0 0 0 0 0 0 0 0 0 0 0 0 0 0
408 0.0004 -0.00012 -0.00012 0 0 0 7.9 -1.73347e-14 -1.69177e-14 0 0 0 0.000395 -0.0001185 -0.0001185 0 0 0 0 0 0 0 0 0 0 0 0 0 0 0 0 0 0
409 0.00045 -0.000135 -0.000135 0 0 0 8.9 -1.74795e-14 -1.74795e-14 0 0 0 0.000445 -0.0001335 -0.0001335 0 0 0 0 0 0 0 0 0 0 0 0 0 0 0 0 0 0
410 0.0005 -0.00015 -0.00015 0 0 0 9.9 -7.65242e-16 -1.18224e-15 0 0 0 0.000495 -0.0001485 -0.0001485 0 0 0 0 0 0 0 0 0 0 0 0 0 0 0 0 0 0
411 0.00055 -0.000165 -0.000165 0 0 0 10.9 1.63931e-14 1.59761e-14 0 0 0 0.000545 -0.0001635 -0.0001635 0 0 0 0 0 0 0 0 0 0 0 0 0 0 0 0 0 0
412 0.0006 -0.00018 -0.00018 0 0 0 11.9 1.75806e-14 1.75806e-14 0 0 0 0.000595 -0.0001785 -0.0001785 0 0 0 0 0 0 0 0 0 0 0 0 0 0 0 0 0 0
413 0.00065 -0.000195 -0.000195 0 0 0 12.9 5.76876e-16 9.93877e-16 0 0 0 0.000645 -0.0001935 -0.0001935 0 0 0 0 0 0 0 0 0 0 0 0 0 0 0 0 0 0
414 0.0007 -0.00021 -0.00021 0 0 0 13.9 -1.64268e-14 -1.60098e-14 0 0 0 0.000695 -0.0002085 -0.0002085 0 0 0 0 0 0 0 0 0 0 0 0 0 0 0 0 0 0
415 0.00075 -0.000225 -0.000225 0 0 0 14.9 -1.65716e-14 -1.65716e-14 0 0 0 0.000745 -0.0002235 -0.0002235 0 0 0 0 0 0 0 0 0 0 0 0 0 0 0 0 0 0
416 0.0008 -0.00024 -0.00024 0 0 0 15.9 -1.57954e-15 -1.99654e-15 0 0 0 0.000795 -0.0002385 -0.0002385 0 0 0 0 0 0 0 0 0 0 0 0 0 0 0 0 0 0
417 0.00085 -0.000255 -0.000255 0 0 0 16.9 1.56059e-14 1.47719e-14 0 0 0 0.000845 -0.0002535 -0.0002535 0 0 0 0 0 0 0 0 0 0 0 0 0 0 0 0 0 0
418 0.0009 -0.00027 -0.00027 0 0 0 17.9 1.68205e-14 1.68205e-14 0 0 0 0.000895 -0.0002685 -0.0002685 0 0 0 0 0 0 0 0 0 0 0 0 0 0 0 0 0 0
419 0.00095 -0.000285 -0.000285 0 0 0 18.9 -1.07143e-15 -2.37426e-16 0 0 0 0.000945 -0.0002835 -0.0002835 0 0 0 0 0 0 0 0 0 0 0 0 0 0 0 0 0 0
420 0.001 -0.0003 -0.0003 0 0 0 19.9 -1.54648e-14 -1.46308e-14 0 0 0 0.000995 -0.0002985 -0.0002985 0 0 0 0 0 0 0 0 0 0 0 0 0 0 0 0 0 0
421 0.00105 -0.000315 -0.000315 0 0 0 20.9 -1.43044e-14 -1.43044e-14 0 0 0 0.001045 -0.0003135 -0.0003135 0 0 0 0 0 0 0 0 0 0 0 0 0 0 0 0 0 0
421.993 0.00109965 -0.000329895 -0.000329895 0 0 0 21.893 1.75016e-15 9.16155e-16 0 0 0 0.00109465 -0.000328395 -0.000328395 0 0 0 0 0 0 0 0 0 0 0 0 0 0 0 0 0 0
422.986 0.0011493 -0.00034479 -0.00034479 0 0 0 22.886 1.69165e-14 1.60825e-14 0 0 0 0.0011443 -0.00034329 -0.00034329 0 0 0 0 0 0 0 0 0 0 0 0 0 0 0 0 0 0
423.979 0.00119895 -0.000359685 -0.000359685 0 0 0 23.879 1.39729e-14 1.39729e-14 0 0 0 0.00119395 -0.000358185 -0.000358185 0 0 0 0 0 0 0 0 0 0 0 0 0 0 0 0 0 0
424.972 0.0012486 -0.00037458 -0.00037458 0 0 0 24.872 -1.91423e-15 -1.08023e-15 0 0 0 0.0012436 -0.00037308 -0.00037308 0 0 0 0 0 0 0 0 0 0 0 0 0 0 0 0 0 0
425.966 0.0012983 -0.00038949 -0.00038949 0 0 0 25.866 -2.06345e-14 -1.98005e-14 0 0 0 0.0012933 -0.00038799 -0.00038799 0 0 0 0 0 0 0 0 0 0 0 0 0 0 0 0 0 0
426.959 0.00134795 -0.000404385 -0.000404385 0 0 0 26.859 -1.58013e-14 -1.58013e-14 0 0 0 0.00134295 -0.000402885 -0.000402885 0 0 0 0 0 0 0 0 0 0 0 0 0 0 0 0 0 0
427.952 0.0013976 -0.00041928 -0.00041928 0 0 0 27.852 5.47398e-15 4.63998e-15 0 0 0 0.0013926 -0.00041778 -0.00041778 0 0 0 0 0 0 0 0 0 0 0 0 0 0 0 0 0 0
428.945 0.00144725 -0.000434175 -0.000434175 0 0 0 28.845 1.79758e-14 1.71418e-14 0 0 0 0.00144225 -0.000432675 -0.000432675 0 0 0 0 0 0 0 0 0 0 0 0 0 0 0 0 0 0
429.938 0.0014969 -0.00044907 -0.00044907 0 0 0 29.838 1.76967e-14 1.76967e-14 0 0 0 0.0014919 -0.00044757 -0.00044757 0 0 0 0 0 0 0 0 0 0 0 0 0 0 0 0 0 0
430.931 0.00154655 -0.000463965 -0.000463965 0 0 0 30.831 8.74128e-17 9.21414e-16 0 0 0 0.00154155 -0.000462465 -0.000462465 0 0 0 0 0 0 0 0 0 0 0 0 0 0 0 0 0 0
431.924 0.0015962 -0.00047886 -0.00047886 0 0 0 31.824 -2.29051e-14 -2.20711e-14 0 0 0 0.0015912 -0.00047736 -0.00047736 0 0 0 0 0 0 0 0 0 0 0 0 0 0 0 0 0 0
432.917 0.00164585 -0.000493755 -0.000493755 0 0 0 32.817 -2.24586e-14 -2.41266e-14 0 0 0 0.00164085 -0.000492255 -0.000492255 0 0 0 0 0 0 0 0 0 0 0 0 0 0 0 0 0 0
433.91 0.0016955 -0.00050865 -0.00050865 0 0 0 33.81 -3.16492e-16 -1.9845e-15 0 0 0 0.0016905 -0.00050715 -0.00050715 0 0 0 0 0 0 0 0 0 0 0 0 0 0 0 0 0 0
434.903 0.00174515 -0.000523545 -0.000523545 0 0 0 34.803 2.18469e-14 2.18469e-14 0 0 0 0.00174015 -0.000522045 -0.000522045 0 0 0 0 0 0 0 0 0 0 0 0 0 0 0 0 0 0
435.897 0.00179485 -0.000538455 -0.000538455 0 0 0 35.797 2.23087e-14 2.39767e-14 0 0 0 0.00178985 -0.000536955 -0.000536955 0 0 0 0 0 0 0 0 0 0 0 0 0 0 0 0 0 0
436.89 0.0018445 -0.00055335 -0.00055335 0 0 0 36.79 -1.40948e-15 2.5852e-16 0 0 0 0.0018395 -0.00055185 -0.00055185 0 0 0 0 0 0 0 0 0 0 0 0 0 0 0 0 0 0
437.883 0.00189415 -0.000568245 -0.000568245 0 0 0 37.783 -2.5236e-14 -2.5236e-14 0 0 0 0.00188915 -0.000566745 -0.000566745 0 0 0 0 0 0 0 0 0 0 0 0 0 0 0 0 0 0
438.876 0.0019438 -0.00058314 -0.00058314 0 0 0 38.776 -2.47353e-14 -2.64033e-14 0 0 0 0.0019388 -0.00058164 -0.00058164 0 0 0 0 0 0 0 0 0 0 0 0 0 0 0 0 0 0
439.869 0.00199345 -0.000598035 -0.000598035 0 0 0 39.769 -9.2521e-16 -2.59321e-15 0 0 0 0.00198845 -0.000596535 -0.000596535 0 0 0 0 0 0 0 0 0 0 0 0 0 0 0 0 0 0
440.862 0.0020431 -0.00061293 -0.00061293 0 0 0 40.762 2.37944e-14 2.37944e-14 0 0 0 0.0020381 -0.00061143 -0.00061143 0 0 0 0 0 0 0 0 0 0 0 0 0 0 0 0 0 0
441.855 0.00209275 -0.000627825 -0.000627825 0 0 0 41.755 2.07424e-14 2.24104e-14 0 0 0 0.00208775 -0.000626325 -0.000626325 0 0 0 0 0 0 0 0 0 0 0 0 0 0 0 0 0 0
442.848 0.0021424 -0.00064272 -0.00064272 0 0 0 42.748 4.68593e-16 2.1366e-15 0 0 0 0.0021374 -0.00064122 -0.00064122 0 0 0 0 0 0 0 0 0 0 0 0 0 0 0 0 0 0
443.841 0.00219205 -0.000657615 -0.000657615 0 0 0 43.741 -2.32496e-14 -2.32496e-14 0 0 0 0.00218705 -0.000656115 -0.000656115 0 0 0 0 0 0 0 0 0 0 0 0 0 0 0 0 0 0
444.834 0.0022417 -0.00067251 -0.00067251 0 0 0 44.734 -2.28572e-14 -2.45252e-14 0 0 0 0.0022367 -0.00067101 -0.00067101 0 0 0 0 0 0 0 0 0 0 0 0 0 0 0 0 0 0
445.828 0.0022914 -0.00068742 -0.00068742 0 0 0 45.728 7.04415e-15 5.37614e-15 0 0 0 0.0022864 -0.00068592 -0.00068592 0 0 0 0 0 0 0 0 0 0 0 0 0 0 0 0 0 0
446.821 0.00234105 -0.000702315 -0.000702315 0 0 0 46.721 2.76266e-14 2.76266e-14 0 0 0 0.00233605 -0.000700815 -0.000700815 0 0 0 0 0 0 0 0 0 0 0 0 0 0 0 0 0 0
447.814 0.0023907 -0.00071721 -0.00071721 0 0 0 47.714 1.76858e-14 1.93538e-14 0 0 0 0.0023857 -0.00071571 -0.00071571 0 0 0 0 0 0 0 0 0 0 0 0 0 0 0 0 0 0
448.807 0.00244035 -0.000732105 -0.000732105 0 0 0 48.707 -7.80867e-15 -6.14067e-15 0 0 0 0.00243535 -0.000730605 -0.000730605 0 0 0 0 0 0 0 0 0 0 0 0 0 0 0 0 0 0
449.8 0.00249 -0.000747 -0.000747 0 0 0 49.7 -2.81908e-14 -2.81908e-14 0 0 0 0.002485 -0.0007455 -0.0007455 0 0 0 0 0 0 0 0 0 0 0 0 0 0 0 0 0 0
450.84 0.002542 -0.0007626 -0.0007626 0 0 0 50.74 -1.03046e-12 -1.03213e-12 0 0 0 0.002537 -0.0007611 -0.0007611 0 0 0 0 0 0 0 0 0 0 0 0 0 0 0 0 0 0
451.88 0.002594 -0.0007782 -0.0007782 0 0 0 51.78 -9.9836e-13 -1.00003e-12 0 0 0 0.002589 -0.0007767 -0.0007767 0 0 0 0 0 0 0 0 0 0 0 0 0 0 0 0 0 0
452.92 0.002646 -0.0007938 -0.0007938 0 0 0 52.82 3.1135e-14 3.1135e-14 0 0 0 0.002641 -0.0007923 -0.0007923 0 0 0 0 0 0 0 0 0 0 0 0 0 0 0 0 0 0
453.96 0.002698 -0.0008094 -0.0008094 0 0 0 53.86 1.02489e-12 1.02655e-12 0 0 0 0.002693 -0.0008079 -0.0008079 0 0 0 0 0 0 0 0 0 0 0 0 0 0 0 0 0 0
455 0.00275 -0.000825 -0.000825 0 0 0 54.9 9.98217e-13 9.99885e-13 0 0 0 0.002745 -0.0008235 -0.0008235 0 0 0 0 0 0 0 0 0 0 0 0 0 0 0 0 0 0
456.04 0.002802 -0.0008406 -0.0008406 0 0 0 55.94 -2.57379e-14 -2.57379e-14 0 0 0 0.002797 -0.0008391 -0.0008391 0 0 0 0 0 0 0 0 0 0 0 0 0 0 0 0 0 0
457.08 0.002854 -0.0008562 -0.0008562 0 0 0 56.98 -1.02823e-12 -1.02989e-12 0 0 0 0.002849 -0.0008547 -0.0008547 0 0 0 0 0 0 0 0 0 0 0 0 0 0 0 0 0 0
458.12 0.002906 -0.0008718 -0.0008718 0 0 0 58.02 -1.00124e-12 -1.0029e-12 0 0 0 0.002901 -0.0008703 -0.0008703 0 0 0 0 0 0 0 0 0 0 0 0 0 0 0 0 0 0
459.16 0.002958 -0.0008874 -0.0008874 0 0 0 59.06 2.45977e-14 2.45977e-14 0 0 0 0.002953 -0.0008859 -0.0008859 0 0 0 0 0 0 0 0 0 0 0 0 0 0 0 0 0 0
460.2 0.00301 -0.000903 -0.000903 0 0 0 60.1 1.02545e-12 1.02712e-12 0 0 0 0.003005 -0.0009015 -0.0009015 0 0 0 0 0 0 0 0 0 0 0 0 0 0 0 0 0 0
461.24 0.003062 -0.0009186 -0.0009186 0 0 0 61.14 1.00756e-12 1.00923e-12 0 0 0 0.003057 -0.0009171 -0.0009171 0 0 0 0 0 0 0 0 0 0 0 0 0 0 0 0 0 0
462.28 0.003114 -0.0009342 -0.0009342 0 0 0 62.18 -3.1474e-14 -3.1474e-14 0 0 0 0.003109 -0.0009327 -0.0009327 0 0 0 0 0 0 0 0 0 0 0 0 0 0 0 0 0 0
463.32 0.003166 -0.0009498 -0.0009498 0 0 0 63.22 -1.02766e-12 -1.02932e-12 0 0 0 0.003161 -0.0009483 -0.0009483 0 0 0 0 0 0 0 0 0 0 0 0 0 0 0 0 0 0
464.36 0.003218 -0.0009654 -0.0009654 0 0 0 64.26 -1.00067e-12 -1.00234e-12 0 0 0 0.003213 -0.0009639 -0.0009639 0 0 0 0 0 0 0 0 0 0 0 0 0 0 0 0 0 0
465.4 0.00327 -0.000981 -0.000981 0 0 0 65.3 1.90783e-14 1.90783e-14 0 0 0 0.003265 -0.0009795 -0.0009795 0 0 0 0 0 0 0 0 0 0 0 0 0 0 0 0 0 0
466.333 0.00331665 -0.000994995 -0.000994995 0 0 0 66.233 1.83217e-12 1.83217e-12 0 0 0 0.00331165 -0.000993495 -0.000993495 0 0 0 0 0 0 0 0 0 0 0 0 0 0 0 0 0 0
467.267 0.00336335 -0.001009 -0.001009 0 0 0 67.167 1.80565e-12 1.80565e-12 0 0 0 0.00335835 -0.0010075 -0.0010075 0 0 0 0 0 0 0 0 0 0 0 0 0 0 0 0 0 0
468.2 0.00341 -0.001023 -0.001023 0 0 0 68.1 -1.97586e-14 -1.97586e-14 0 0 0 0.003405 -0.0010215 -0.0010215 0 0 0 0 0 0 0 0 0 0 0 0 0 0 0 0 0 0
469.133 0.00345665 -0.00103699 -0.00103699 0 0 0 69.033 -1.83317e-12 -1.83317e-12 0 0 0 0.00345165 -0.00103549 -0.00103549 0 0 0 0 0 0 0 0 0 0 0 0 0 0 0 0 0 0
470.067 0.00350335 -0.001051 -0.001051 0 0 0 69.967 -1.80506e-12 -1.80506e-12 0 0 0 0.00349835 -0.0010495 -0.0010495 0 0 0 0 0 0 0 0 0 0 0 0 0 0 0 0 0 0
471 0.00355 -0.001065 -0.001065 0 0 0 70.9 1.93901e-14 1.93901e-14 0 0 0 0.003545 -0.0010635 -0.0010635 0 0 0 0 0 0 0 0 0 0 0 0 0 0 0 0 0 0
471.933 0.00359665 -0.00107899 -0.00107899 0 0 0 71.833 1.8194e-12 1.8194e-12 0 0 0 0.00359165 -0.00107749 -0.00107749 0 0 0 0 0 0 0 0 0 0 0 0 0 0 0 0 0 0
472.867 0.00364335 -0.001093 -0.001093 0 0 0 72.767 1.80597e-12 1.80597e-12 0 0 0 0.00363835 -0.0010915 -0.0010915 0 0 0 0 0 0 0 0 0 0 0 0 0 0 0 0 0 0
473.8 0.00369 -0.001107 -0.001107 0 0 0 73.7 -1.96637e-14 -1.96637e-14 0 0 0 0.003685 -0.0011055 -0.0011055 0 0 0 0 0 0 0 0 0 0 0 0 0 0 0 0 0 0
473.96 0.003698 -0.0011094 -0.0011094 0 0 0 73.86 -2.08578e-13 -2.08578e-13 0 0 0 0.003693 -0.0011079 -0.0011079 0 0 0 0 0 0 0 0 0 0 0 0 0 0 0 0 0 0
474.12 0.003706 -0.0011118 -0.0011118 0 0 0 74.02 -1.8888e-13 -1.8888e-13 0 0 0 0.003701 -0.0011103 -0.0011103 0 0 0 0 0 0 0 0 0 0 0 0 0 0 0 0 0 0
474.28 0.003714 -0.0011142 -0.0011142 0 0 0 74.18 2.3918e-14 2.3918e-14 0 0 0 0.003709 -0.0011127 -0.0011127 0 0 0 0 0 0 0 0 0 0 0 0 0 0 0 0 0 0
474.44 0.003722 -0.0011166 -0.0011166 0 0 0 74.34 2.13364e-13 2.13364e-13 0 0 0 0.003717 -0.0011151 -0.0011151 0 0 0 0 0 0 0 0 0 0 0 0 0 0 0 0 0 0
474.6 0.00373 -0.001119 -0.001119 0 0 0 74.5 1.84408e-13 1.84408e-13 0 0 0 0.003725 -0.0011175 -0.0011175 0 0 0 0 0 0 0 0 0 0 0 0 0 0 0 0 0 0
474.76 0.003738 -0.0011214 -0.0011214 0 0 0 74.66 -3.24951e-14 -3.24951e-14 0 0 0 0.003733 -0.0011199 -0.0011199 0 0 0 0 0 0 0 0 0 0 0 0 0 0 0 0 0 0
474.92 0.003746 -0.0011238 -0.0011238 0 0 0 74.82 -2.10101e-13 -2.10101e-13 0 0 0 0.003741 -0.0011223 -0.0011223 0 0 0 0 0 0 0 0 0 0 0 0 0 0 0 0 0 0
475.08 0.003754 -0.0011262 -0.0011262 0 0 0 74.98 -1.80829e-13 -1.80829e-13 0 0 0 0.003749 -0.0011247 -0.0011247 0 0 0 0 0 0 0 0 0 0 0 0 0 0 0 0 0 0
475.24 0.003762 -0.0011286 -0.0011286 0 0 0 75.14 3.28362e-14 3.28362e-14 0 0 0 0.003757 -0.0011271 -0.0011271 0 0 0 0 0 0 0 0 0 0 0 0 0 0 0 0 0 0
475.4 0.00377 -0.001131 -0.001131 0 0 0 75.3 2.10758e-13 2.10758e-13 0 0 0 0.003765 -0.0011295 -0.0011295 0 0 0 0 0 0 0 0 0 0 0 0 0 0 0 0 0 0
475.56 0.003778 -0.0011334 -0.0011334 0 0 0 75.46 1.78465e-13 1.78465e-13 0 0 0 0.003773 -0.0011319 -0.0011319 0 0 0 0 0 0 0 0 0 0 0 0 0 0 0 0 0 0
475.72 0.003786 -0.0011358 -0.0011358 0 0 0 75.62 -3.04657e-14 -3.04657e-14 0 0 0 0.003781 -0.0011343 -0.0011343 0 0 0 0 0 0 0 0 0 0 0 0 0 0 0 0 0 0
475.88 0.003794 -0.0011382 -0.0011382 0 0 0 75.78 -2.12491e-13 -2.12491e-13 0 0 0 0.003789 -0.0011367 -0.0011367 0 0 0 0 0 0 0 0 0 0 0 0 0 0 0 0 0 0
476.04 0.003802 -0.0011406 -0.0011406 0 0 0 75.94 -1.82352e-13 -1.82352e-13 0 0 0 0.003797 -0.0011391 -0.0011391 0 0 0 0 0 0 0 0 0 0 0 0 0 0 0 0 0 0
476.2 0.00381 -0.001143 -0.001143 0 0 0 76.1 1.9788e-14 1.9788e-14 0 0 0 0.003805 -0.0011415 -0.0011415 0 0 0 0 0 0 0 0 0 0 0 0 0 0 0 0 0 0
476.36 0.003818 -0.0011454 -0.0011454 0 0 0 76.26 2.09234e-13 2.09234e-13 0 0 0 0.003813 -0.0011439 -0.0011439 0 0 0 0 0 0 0 0 0 0 0 0 0 0 0 0 0 0
476.52 0.003826 -0.0011478 -0.0011478 0 0 0 76.42 1.86516e-13 1.86516e-13 0 0 0 0.003821 -0.0011463 -0.0011463 0 0 0 0 0 0 0 0 0 0 0 0 0 0 0 0 0 0
476.68 0.003834 -0.0011502 -0.0011502 0 0 0 76.58 -2.5967e-14 -2.5967e-14 0 0 0 0.003829 -0.0011487 -0.0011487 0 0 0 0 0 0 0 0 0 0 0 0 0 0 0 0 0 0
476.84 0.003842 -0.0011526 -0.0011526 0 0 0 76.74 -2.07993e-13 -2.07993e-13 0 0 0 0.003837 -0.0011511 -0.0011511 0 0 0 0 0 0 0 0 0 0 0 0 0 0 0 0 0 0
477 0.00385 -0.001155 -0.001155 0 0 0 76.9 -1.81406e-13 -1.81406e-13 0 0 0 0.003845 -0.0011535 -0.0011535 0 0 0 0 0 0 0 0 0 0 0 0 0 0 0 0 0 0
477.16 0.003858 -0.0011574 -0.0011574 0 0 0 77.06 2.87062e-14 2.87062e-14 0 0 0 0.003853 -0.0011559 -0.0011559 0 0 0 0 0 0 0 0 0 0 0 0 0 0 0 0 0 0
477.32 0.003866 -0.0011598 -0.0011598 0 0 0 77.22 2.06844e-13 2.06844e-13 0 0 0 0.003861 -0.0011583 -0.0011583 0 0 0 0 0 0 0 0 0 0 0 0 0 0 0 0 0 0
477.48 0.003874 -0.0011622 -0.0011622 0 0 0 77.38 1.77887e-13 1.77887e-13 0 0 0 0.003869 -0.0011607 -0.0011607 0 0 0 0 0 0 0 0 0 0 0 0 0 0 0 0 0 0
477.64 0.003882 -0.0011646 -0.0011646 0 0 0 77.54 -2.48044e-14 -2.48044e-14 0 0 0 0.003877 -0.0011631 -0.0011631 0 0 0 0 0 0 0 0 0 0 0 0 0 0 0 0 0 0
477.8 0.00389 -0.001167 -0.001167 0 0 0 77.7 -2.05963e-13 -2.05963e-13 0 0 0 0.003885 -0.0011655 -0.0011655 0 0 0 0 0 0 0 0 0 0 0 0 0 0 0 0 0 0
477.96 0.003898 -0.0011694 -0.0011694 0 0 0 77.86 -1.87349e-13 -1.87349e-13 0 0 0 0.003893 -0.0011679 -0.0011679 0 0 0 0 0 0 0 0 0 0 0 0 0 0 0 0 0 0
478.12 0.003906 -0.0011718 -0.0011718 0 0 0 78.02 2.63161e-14 2.63161e-14 0 0 0 0.003901 -0.0011703 -0.0011703 0 0 0 0 0 0 0 0 0 0 0 0 0 0 0 0 0 0
478.28 0.003914 -0.0011742 -0.0011742 0 0 0 78.18 2.0779e-13 2.0779e-13 0 0 0 0.003909 -0.0011727 -0.0011727 0 0 0 0 0 0 0 0 0 0 0 0 0 0 0 0 0 0
478.44 0.003922 -0.0011766 -0.0011766 0 0 0 78.34 1.78833e-13 1.78833e-13 0 0 0 0.003917 -0.0011751 -0.0011751 0 0 0 0 0 0 0 0 0 0 0 0 0 0 0 0 0 0
478.6 0.00393 -0.001179 -0.001179 0 0 0 78.5 -3.03137e-14 -3.03137e-14 0 0 0 0.003925 -0.0011775 -0.0011775 0 0 0 0 0 0 0 0 0 0 0 0 0 0 0 0 0 0
478.76 0.003938 -0.0011814 -0.0011814 0 0 0 78.66 -1.98562e-13 -1.98562e-13 0 0 0 0.003933 -0.0011799 -0.0011799 0 0 0 0 0 0 0 0 0 0 0 0 0 0 0 0 0 0
478.92 0.003946 -0.0011838 -0.0011838 0 0 0 78.82 -1.72192e-13 -1.72192e-13 0 0 0 0.003941 -0.0011823 -0.0011823 0 0 0 0 0 0 0 0 0 0 0 0 0 0 0 0 0 0
479.08 0.003954 -0.0011862 -0.0011862 0 0 0 78.98 2.9948e-14 2.9948e-14 0 0 0 0.003949 -0.0011847 -0.0011847 0 0 0 0 0 0 0 0 0 0 0 0 0 0 0 0 0 0
479.24 0.003962 -0.0011886 -0.0011886 0 0 0 79.14 2.01848e-13 2.01848e-13 0 0 0 0.003957 -0.0011871 -0.0011871 0 0 0 0 0 0 0 0 0 0 0 0 0 0 0 0 0 0
479.4 0.00397 -0.001191 -0.001191 0 0 0 79.3 1.75577e-13 1.75577e-13 0 0 0 0.003965 -0.0011895 -0.0011895 0 0 0 0 0 0 0 0 0 0 0 0 0 0 0 0 0 0
479.56 0.003978 -0.0011934 -0.0011934 0 0 0 79.46 -3.71233e-14 -3.71233e-14 0 0 0 0.003973 -0.0011919 -0.0011919 0 0 0 0 0 0 0 0 0 0 0 0 0 0 0 0 0 0
479.72 0.003986 -0.0011958 -0.0011958 0 0 0 79.62 -2.04288e-13 -2.04288e-13 0 0 0 0.003981 -0.0011943 -0.0011943 0 0 0 0 0 0 0 0 0 0 0 0 0 0 0 0 0 0
479.88 0.003994 -0.0011982 -0.0011982 0 0 0 79.78 -1.68344e-13 -1.68344e-13 0 0 0 0.003989 -0.0011967 -0.0011967 0 0 0 0 0 0 0 0 0 0 0 0 0 0 0 0 0 0
480.04 0.004002 -0.0012006 -0.0012006 0 0 0 79.94 3.46633e-14 3.46633e-14 0 0 0 0.003997 -0.0011991 -0.0011991 0 0 0 0 0 0 0 0 0 0 0 0 0 0 0 0 0 0
480.2 0.00401 -0.001203 -0.001203 0 0 0 80.1 2.09249e-13 2.09249e-13 0 0 0 0.004005 -0.0012015 -0.0012015 0 0 0 0 0 0 0 0 0 0 0 0 0 0 0 0 0 0
480.36 0.004018 -0.0012054 -0.0012054 0 0 0 80.26 1.62745e-13 1.62745e-13 0 0 0 0.004013 -0.0012039 -0.0012039 0 0 0 0 0 0 0 0 0 0 0 0 0 0 0 0 0 0
480.52 0.004026 -0.0012078 -0.0012078 0 0 0 80.42 -3.30581e-14 -3.30581e-14 0 0 0 0.004021 -0.0012063 -0.0012063 0 0 0 0 0 0 0 0 0 0 0 0 0 0 0 0 0 0
480.68 0.004034 -0.0012102 -0.0012102 0 0 0 80.58 -2.1465e-13 -2.1465e-13 0 0 0 0.004029 -0.0012087 -0.0012087 0 0 0 0 0 0 0 0 0 0 0 0 0 0 0 0 0 0
480.84 0.004042 -0.0012126 -0.0012126 0 0 0 80.74 -1.68265e-13 -1.68265e-13 0 0 0 0.004037 -0.0012111 -0.0012111 0 0 0 0 0 0 0 0 0 0 0 0 0 0 0 0 0 0
481 0.00405 -0.001215 -0.001215 0 0 0 80.9 4.51839e-14 4.51839e-14 0 0 0 0.004045 -0.0012135 -0.0012135 0 0 0 0 0 0 0 0 0 0 0 0 0 0 0 0 0 0
