0
0.4
0.8
1.2
1.6
2
2.4
2.8
3.2
3.6
4
4.4
4.8
5.2
5.6
6
6.4
6.8
7.2
7.6
8
8.4
8.8
9.2
9.6
10
10.4
10.8
11.2
11.6
12
12.4
12.8
13.2
13.6
14
14.4
14.8
15.2
15.6
16
16.4
16.8
17.2
17.6
18
18.4
18.8
19.2
19.6
20
20.4
20.8
21.2
21.6
22
22.4
22.8
23.2
23.6
24
24.4
24.8
25.2
25.6
26
26.4
26.8
27.2
27.6
28
28.4
28.8
29.2
29.6
30
30.4
30.8
31.2
31.6
32
32.4
32.8
33.2
33.6
34
34.4
34.8
35.2
35.6
36
36.4
36.8
37.2
37.6
38
38.4
38.8
39.2
39.6
40
60
80
100
120
140
160
180
200
220
240
260
280
300
320
340
360
380
400
420
440
460
480
500
520
540
560
580
600
620
640
660
680
700
720
740
760
780
800
820
840
860
880
900
920
940
960
980
1000
1020
1040
1060
1080
1100
1120
1140
1160
1180
1200
1220
1240
1260
1280
1300
1320
1340
1360
1380
1400
1420
1440
1460
1480
1500
1520
1540
1560
1580
1600
1620
1640
1660
1680
1700
1720
1740
1760
1780
1800
1820
1840
1860
1880
1900
1920
1940
1960
1980
2000
2020
2040
2060
2080
2100
2120
2140
2160
2180
2200
2220
2240
2260
2280
2300
2320
2340
2360
2380
2400
2420
2440
2460
2480
2500
2520
2540
2560
2580
2600
2620
2640
2660
2680
2700
2720
2720.4
2720.8
2721.2
2721.6
2722
2722.4
2722.8
2723.2
2723.6
2724
2724.4
2724.8
2725.2
2725.6
2726
2726.4
2726.8
2727.2
2727.6
2728
2728.4
2728.8
2729.2
2729.6
2730
2730.4
2730.8
2731.2
2731.6
2732
2732.4
2732.8
2733.2
2733.6
2734
2734.4
2734.8
2735.2
2735.6
2736
2736.4
2736.8
2737.2
2737.6
2738
2738.4
2738.8
2739.2
2739.6
2740
2740.4
2740.8
2741.2
2741.6
2742
2742.4
2742.8
2743.2
2743.6
2744
2744.4
2744.8
2745.2
2745.6
2746
2746.4
2746.8
2747.2
2747.6
2748
2748.4
2748.8
2749.2
2749.6
2750
2750.4
2750.8
2751.2
2751.6
2752
2752.4
2752.8
2753.2
2753.6
2754
2754.4
2754.8
2755.2
2755.6
2756
2756.4
2756.8
2757.2
2757.6
2758
2758.4
2758.8
2759.2
2759.6
2760
2780
2800
2820
2840
2860
2880
2900
2920
2940
2960
2980
3000
3020
3040
3060
3080
3100
3120
3140
3160
3180
3200
3220
3240
3260
3280
3300
3320
3340
3360
3380
3400
3420
3440
3460
3480
3500
3520
3540
3560
3580
3600
3620
3640
3660
3680
3700
3720
3740
3760
3780
3800
3820
3840
3860
3880
3900
3920
3940
3960
3980
4000
4020
4040
4060
4080
4100
4120
4140
4160
4180
4200
4220
4240
4260
4280
4300
4320
4340
4360
4380
4400
4420
4440
4460
4480
4500
4520
4540
4560
4580
4600
4620
4640
4660
4680
4700
4720
4740
4760
4780
4800
4820
4840
4860
4880
4900
4920
4940
4960
4980
5000
5020
5040
5060
5080
5100
5120
5140
5160
5180
5200
5220
5240
5260
5280
5300
5320
5340
5360
5380
5400
5420
5440
5440.4
5440.8
5441.2
5441.6
5442
5442.4
5442.8
5443.2
5443.6
5444
5444.4
5444.8
5445.2
5445.6
5446
5446.4
5446.8
5447.2
5447.6
5448
5448.4
5448.8
5449.2
5449.6
5450
5450.4
5450.8
5451.2
5451.6
5452
5452.4
5452.8
5453.2
5453.6
5454
5454.4
5454.8
5455.2
5455.6
5456
5456.4
5456.8
5457.2
5457.6
5458
5458.4
5458.8
5459.2
5459.6
5460
5460.4
5460.8
5461.2
5461.6
5462
5462.4
5462.8
5463.2
5463.6
5464
5464.4
5464.8
5465.2
5465.6
5466
5466.4
5466.8
5467.2
5467.6
5468
5468.4
5468.8
5469.2
5469.6
5470
5470.4
5470.8
5471.2
5471.6
5472
5472.4
5472.8
5473.2
5473.6
5474
5474.4
5474.8
5475.2
5475.6
5476
5476.4
5476.8
5477.2
5477.6
5478
5478.4
5478.8
5479.2
5479.6
5480
5500
5520
5540
5560
5580
5600
5620
5640
5660
5680
5700
5720
5740
5760
5780
5800
5820
5840
5860
5880
5900
5920
5940
5960
5980
6000
6020
6040
6060
6080
6100
6120
6140
6160
6180
6200
6220
6240
6260
6280
6300
6320
6340
6360
6380
6400
6420
6440
6460
6480
6500
6520
6540
6560
6580
6600
6620
6640
6660
6680
6700
6720
6740
6760
6780
6800
6820
6840
6860
6880
6900
6920
6940
6960
6980
7000
7020
7040
7060
7080
7100
7120
7140
7160
7180
7200
7220
7240
7260
7280
7300
7320
7340
7360
7380
7400
7420
7440
7460
7480
7500
7520
7540
7560
7580
7600
7620
7640
7660
7680
7700
7720
7740
7760
7780
7800
7820
7840
7860
7880
7900
7920
7940
7960
7980
8000
8020
8040
8060
8080
8100
8120
8140
8160
8160.4
8160.8
8161.2
8161.6
8162
8162.4
8162.8
8163.2
8163.6
8164
8164.4
8164.8
8165.2
8165.6
8166
8166.4
8166.8
8167.2
8167.6
8168
8168.4
8168.8
8169.2
8169.6
8170
8170.4
8170.8
8171.2
8171.6
8172
8172.4
8172.8
8173.2
8173.6
8174
8174.4
8174.8
8175.2
8175.6
8176
8176.4
8176.8
8177.2
8177.6
8178
8178.4
8178.8
8179.2
8179.6
8180
8180.4
8180.8
8181.2
8181.6
8182
8182.4
8182.8
8183.2
8183.6
8184
8184.4
8184.8
8185.2
8185.6
8186
8186.4
8186.8
8187.2
8187.6
8188
8188.4
8188.8
8189.2
8189.6
8190
8190.4
8190.8
8191.2
8191.6
8192
8192.4
8192.8
8193.2
8193.6
8194
8194.4
8194.8
8195.2
8195.6
8196
8196.4
8196.8
8197.2
8197.6
8198
8198.4
8198.8
8199.2
8199.6
8200
8220
8240
8260
8280
8300
8320
8340
8360
8380
8400
8420
8440
8460
8480
8500
8520
8540
8560
8580
8600
8620
8640
8660
8680
8700
8720
8740
8760
8780
8800
8820
8840
8860
8880
8900
8920
8940
8960
8980
9000
9020
9040
9060
9080
9100
9120
9140
9160
9180
9200
9220
9240
9260
9280
9300
9320
9340
9360
9380
9400
9420
9440
9460
9480
9500
9520
9540
9560
9580
9600
9620
9640
9660
9680
9700
9720
9740
9760
9780
9800
9820
9840
9860
9880
9900
9920
9940
9960
9980
10000
10020
10040
10060
10080
10100
10120
10140
10160
10180
10200
10220
10240
10260
10280
10300
10320
10340
10360
10380
10400
10420
10440
10460
10480
10500
10520
10540
10560
10580
10600
10620
10640
10660
10680
10700
10720
10740
10760
10780
10800
10820
10840
10860
10880
10880.4
10880.8
10881.2
10881.6
10882
10882.4
10882.8
10883.2
10883.6
10884
10884.4
10884.8
10885.2
10885.6
10886
10886.4
10886.8
10887.2
10887.6
10888
10888.4
10888.8
10889.2
10889.6
10890
10890.4
10890.8
10891.2
10891.6
10892
10892.4
10892.8
10893.2
10893.6
10894
10894.4
10894.8
10895.2
10895.6
10896
10896.4
10896.8
10897.2
10897.6
10898
10898.4
10898.8
10899.2
10899.6
10900
10900.4
10900.8
10901.2
10901.6
10902
10902.4
10902.8
10903.2
10903.6
10904
10904.4
10904.8
10905.2
10905.6
10906
10906.4
10906.8
10907.2
10907.6
10908
10908.4
10908.8
10909.2
10909.6
10910
10910.4
10910.8
10911.2
10911.6
10912
10912.4
10912.8
10913.2
10913.6
10914
10914.4
10914.8
10915.2
10915.6
10916
10916.4
10916.8
10917.2
10917.6
10918
10918.4
10918.8
10919.2
10919.6
10920
10940
10960
10980
11000
11020
11040
11060
11080
11100
11120
11140
11160
11180
11200
11220
11240
11260
11280
11300
11320
11340
11360
11380
11400
11420
11440
11460
11480
11500
11520
11540
11560
11580
11600
11620
11640
11660
11680
11700
11720
11740
11760
11780
11800
11820
11840
11860
11880
11900
11920
11940
11960
11980
12000
12020
12040
12060
12080
12100
12120
12140
12160
12180
12200
12220
12240
12260
12280
12300
12320
12340
12360
12380
12400
12420
12440
12460
12480
12500
12520
12540
12560
12580
12600
12620
12640
12660
12680
12700
12720
12740
12760
12780
12800
12820
12840
12860
12880
12900
12920
12940
12960
12980
13000
13020
13040
13060
13080
13100
13120
13140
13160
13180
13200
13220
13240
13260
13280
13300
13320
13340
13360
13380
13400
13420
13440
13460
13480
13500
13520
13540
13560
13580
13600
13600.4
13600.8
13601.2
13601.6
13602
13602.4
13602.8
13603.2
13603.6
13604
13604.4
13604.8
13605.2
13605.6
13606
13606.4
13606.8
13607.2
13607.6
13608
13608.4
13608.8
13609.2
13609.6
13610
13610.4
13610.8
13611.2
13611.6
13612
13612.4
13612.8
13613.2
13613.6
13614
13614.4
13614.8
13615.2
13615.6
13616
13616.4
13616.8
13617.2
13617.6
13618
13618.4
13618.8
13619.2
13619.6
13620
13620.4
13620.8
13621.2
13621.6
13622
13622.4
13622.8
13623.2
13623.6
13624
13624.4
13624.8
13625.2
13625.6
13626
13626.4
13626.8
13627.2
13627.6
13628
13628.4
13628.8
13629.2
13629.6
13630
13630.4
13630.8
13631.2
13631.6
13632
13632.4
13632.8
13633.2
13633.6
13634
13634.4
13634.8
13635.2
13635.6
13636
13636.4
13636.8
13637.2
13637.6
13638
13638.4
13638.8
13639.2
13639.6
13640
13660
13680
13700
13720
13740
13760
13780
13800
13820
13840
13860
13880
13900
13920
13940
13960
13980
14000
14020
14040
14060
14080
14100
14120
14140
14160
14180
14200
14220
14240
14260
14280
14300
14320
14340
14360
14380
14400
14420
14440
14460
14480
14500
14520
14540
14560
14580
14600
14620
14640
14660
14680
14700
14720
14740
14760
14780
14800
14820
14840
14860
14880
14900
14920
14940
14960
14980
15000
15020
15040
15060
15080
15100
15120
15140
15160
15180
15200
15220
15240
15260
15280
15300
15320
15340
15360
15380
15400
15420
15440
15460
15480
15500
15520
15540
15560
15580
15600
15620
15640
15660
15680
15700
15720
15740
15760
15780
15800
15820
15840
15860
15880
15900
15920
15940
15960
15980
16000
16020
16040
16060
16080
16100
16120
16140
16160
16180
16200
16220
16240
16260
16280
16300
16320
16320.4
16320.8
16321.2
16321.6
16322
16322.4
16322.8
16323.2
16323.6
16324
16324.4
16324.8
16325.2
16325.6
16326
16326.4
16326.8
16327.2
16327.6
16328
16328.4
16328.8
16329.2
16329.6
16330
16330.4
16330.8
16331.2
16331.6
16332
16332.4
16332.8
16333.2
16333.6
16334
16334.4
16334.8
16335.2
16335.6
16336
16336.4
16336.8
16337.2
16337.6
16338
16338.4
16338.8
16339.2
16339.6
16340
16340.4
16340.8
16341.2
16341.6
16342
16342.4
16342.8
16343.2
16343.6
16344
16344.4
16344.8
16345.2
16345.6
16346
16346.4
16346.8
16347.2
16347.6
16348
16348.4
16348.8
16349.2
16349.6
16350
16350.4
16350.8
16351.2
16351.6
16352
16352.4
16352.8
16353.2
16353.6
16354
16354.4
16354.8
16355.2
16355.6
16356
16356.4
16356.8
16357.2
16357.6
16358
16358.4
16358.8
16359.2
16359.6
16360
16380
16400
16420
16440
16460
16480
16500
16520
16540
16560
16580
16600
16620
16640
16660
16680
16700
16720
16740
16760
16780
16800
16820
16840
16860
16880
16900
16920
16940
16960
16980
17000
17020
17040
17060
17080
17100
17120
17140
17160
17180
17200
17220
17240
17260
17280
17300
17320
17340
17360
17380
17400
17420
17440
17460
17480
17500
17520
17540
17560
17580
17600
17620
17640
17660
17680
17700
17720
17740
17760
17780
17800
17820
17840
17860
17880
17900
17920
17940
17960
17980
18000
18020
18040
18060
18080
18100
18120
18140
18160
18180
18200
18220
18240
18260
18280
18300
18320
18340
18360
18380
18400
18420
18440
18460
18480
18500
18520
18540
18560
18580
18600
18620
18640
18660
18680
18700
18720
18740
18760
18780
18800
18820
18840
18860
18880
18900
18920
18940
18960
18980
19000
19020
19040
19040.4
19040.8
19041.2
19041.6
19042
19042.4
19042.8
19043.2
19043.6
19044
19044.4
19044.8
19045.2
19045.6
19046
19046.4
19046.8
19047.2
19047.6
19048
19048.4
19048.8
19049.2
19049.6
19050
19050.4
19050.8
19051.2
19051.6
19052
19052.4
19052.8
19053.2
19053.6
19054
19054.4
19054.8
19055.2
19055.6
19056
19056.4
19056.8
19057.2
19057.6
19058
19058.4
19058.8
19059.2
19059.6
19060
19060.4
19060.8
19061.2
19061.6
19062
19062.4
19062.8
19063.2
19063.6
19064
19064.4
19064.8
19065.2
19065.6
19066
19066.4
19066.8
19067.2
19067.6
19068
19068.4
19068.8
19069.2
19069.6
19070
19070.4
19070.8
19071.2
19071.6
19072
19072.4
19072.8
19073.2
19073.6
19074
19074.4
19074.8
19075.2
19075.6
19076
19076.4
19076.8
19077.2
19077.6
19078
19078.4
19078.8
19079.2
19079.6
19080
19100
19120
19140
19160
19180
19200
19220
19240
19260
19280
19300
19320
19340
19360
19380
19400
19420
19440
19460
19480
19500
19520
19540
19560
19580
19600
19620
19640
19660
19680
19700
19720
19740
19760
19780
19800
19820
19840
19860
19880
19900
19920
19940
19960
19980
20000
20020
20040
20060
20080
20100
20120
20140
20160
20180
20200
20220
20240
20260
20280
20300
20320
20340
20360
20380
20400
20420
20440
20460
20480
20500
20520
20540
20560
20580
20600
20620
20640
20660
20680
20700
20720
20740
20760
20780
20800
20820
20840
20860
20880
20900
20920
20940
20960
20980
21000
21020
21040
21060
21080
21100
21120
21140
21160
21180
21200
21220
21240
21260
21280
21300
21320
21340
21360
21380
21400
21420
21440
21460
21480
21500
21520
21540
21560
21580
21600
21620
21640
21660
21680
21700
21720
21740
21760
21760.4
21760.8
21761.2
21761.6
21762
21762.4
21762.8
21763.2
21763.6
21764
21764.4
21764.8
21765.2
21765.6
21766
21766.4
21766.8
21767.2
21767.6
21768
21768.4
21768.8
21769.2
21769.6
21770
21770.4
21770.8
21771.2
21771.6
21772
21772.4
21772.8
21773.2
21773.6
21774
21774.4
21774.8
21775.2
21775.6
21776
21776.4
21776.8
21777.2
21777.6
21778
21778.4
21778.8
21779.2
21779.6
21780
21780.4
21780.8
21781.2
21781.6
21782
21782.4
21782.8
21783.2
21783.6
21784
21784.4
21784.8
21785.2
21785.6
21786
21786.4
21786.8
21787.2
21787.6
21788
21788.4
21788.8
21789.2
21789.6
21790
21790.4
21790.8
21791.2
21791.6
21792
21792.4
21792.8
21793.2
21793.6
21794
21794.4
21794.8
21795.2
21795.6
21796
21796.4
21796.8
21797.2
21797.6
21798
21798.4
21798.8
21799.2
21799.6
21800
21820
21840
21860
21880
21900
21920
21940
21960
21980
22000
22020
22040
22060
22080
22100
22120
22140
22160
22180
22200
22220
22240
22260
22280
22300
22320
22340
22360
22380
22400
22420
22440
22460
22480
22500
22520
22540
22560
22580
22600
22620
22640
22660
22680
22700
22720
22740
22760
22780
22800
22820
22840
22860
22880
22900
22920
22940
22960
22980
23000
23020
23040
23060
23080
23100
23120
23140
23160
23180
23200
23220
23240
23260
23280
23300
23320
23340
23360
23380
23400
23420
23440
23460
23480
23500
23520
23540
23560
23580
23600
23620
23640
23660
23680
23700
23720
23740
23760
23780
23800
23820
23840
23860
23880
23900
23920
23940
23960
23980
24000
24020
24040
24060
24080
24100
24120
24140
24160
24180
24200
24220
24240
24260
24280
24300
24320
24340
24360
24380
24400
24420
24440
24460
24480
24480.4
24480.8
24481.2
24481.6
24482
24482.4
24482.8
24483.2
24483.6
24484
24484.4
24484.8
24485.2
24485.6
24486
24486.4
24486.8
24487.2
24487.6
24488
24488.4
24488.8
24489.2
24489.6
24490
24490.4
24490.8
24491.2
24491.6
24492
24492.4
24492.8
24493.2
24493.6
24494
24494.4
24494.8
24495.2
24495.6
24496
24496.4
24496.8
24497.2
24497.6
24498
24498.4
24498.8
24499.2
24499.6
24500
24500.4
24500.8
24501.2
24501.6
24502
24502.4
24502.8
24503.2
24503.6
24504
24504.4
24504.8
24505.2
24505.6
24506
24506.4
24506.8
24507.2
24507.6
24508
24508.4
24508.8
24509.2
24509.6
24510
24510.4
24510.8
24511.2
24511.6
24512
24512.4
24512.8
24513.2
24513.6
24514
24514.4
24514.8
24515.2
24515.6
24516
24516.4
24516.8
24517.2
24517.6
24518
24518.4
24518.8
24519.2
24519.6
24520
24540
24560
24580
24600
24620
24640
24660
24680
24700
24720
24740
24760
24780
24800
24820
24840
24860
24880
24900
24920
24940
24960
24980
25000
25020
25040
25060
25080
25100
25120
25140
25160
25180
25200
25220
25240
25260
25280
25300
25320
25340
25360
25380
25400
25420
25440
25460
25480
25500
25520
25540
25560
25580
25600
25620
25640
25660
25680
25700
25720
25740
25760
25780
25800
25820
25840
25860
25880
25900
25920
25940
25960
25980
26000
26020
26040
26060
26080
26100
26120
26140
26160
26180
26200
26220
26240
26260
26280
26300
26320
26340
26360
26380
26400
26420
26440
26460
26480
26500
26520
26540
26560
26580
26600
26620
26640
26660
26680
26700
26720
26740
26760
26780
26800
26820
26840
26860
26880
26900
26920
26940
26960
26980
27000
27020
27040
27060
27080
27100
27120
27140
27160
27180
27200
27200.4
27200.8
27201.2
27201.6
27202
27202.4
27202.8
27203.2
27203.6
27204
27204.4
27204.8
27205.2
27205.6
27206
27206.4
27206.8
27207.2
27207.6
27208
27208.4
27208.8
27209.2
27209.6
27210
27210.4
27210.8
27211.2
27211.6
27212
27212.4
27212.8
27213.2
27213.6
27214
27214.4
27214.8
27215.2
27215.6
27216
27216.4
27216.8
27217.2
27217.6
27218
27218.4
27218.8
27219.2
27219.6
27220
27220.4
27220.8
27221.2
27221.6
27222
27222.4
27222.8
27223.2
27223.6
27224
27224.4
27224.8
27225.2
27225.6
27226
27226.4
27226.8
27227.2
27227.6
27228
27228.4
27228.8
27229.2
27229.6
27230
27230.4
27230.8
27231.2
27231.6
27232
27232.4
27232.8
27233.2
27233.6
27234
27234.4
27234.8
27235.2
27235.6
27236
27236.4
27236.8
27237.2
27237.6
27238
27238.4
27238.8
27239.2
27239.6
27240
27260
27280
27300
27320
27340
27360
27380
27400
27420
27440
27460
27480
27500
27520
27540
27560
27580
27600
27620
27640
27660
27680
27700
27720
27740
27760
27780
27800
27820
27840
27860
27880
27900
27920
27940
27960
27980
28000
28020
28040
28060
28080
28100
28120
28140
28160
28180
28200
28220
28240
28260
28280
28300
28320
28340
28360
28380
28400
28420
28440
28460
28480
28500
28520
28540
28560
28580
28600
28620
28640
28660
28680
28700
28720
28740
28760
28780
28800
28820
28840
28860
28880
28900
28920
28940
28960
28980
29000
29020
29040
29060
29080
29100
29120
29140
29160
29180
29200
29220
29240
29260
29280
29300
29320
29340
29360
29380
29400
29420
29440
29460
29480
29500
29520
29540
29560
29580
29600
29620
29640
29660
29680
29700
29720
29740
29760
29780
29800
29820
29840
29860
29880
29900
29920
29920.4
29920.8
29921.2
29921.6
29922
29922.4
29922.8
29923.2
29923.6
29924
29924.4
29924.8
29925.2
29925.6
29926
29926.4
29926.8
29927.2
29927.6
29928
29928.4
29928.8
29929.2
29929.6
29930
29930.4
29930.8
29931.2
29931.6
29932
29932.4
29932.8
29933.2
29933.6
29934
29934.4
29934.8
29935.2
29935.6
29936
29936.4
29936.8
29937.2
29937.6
29938
29938.4
29938.8
29939.2
29939.6
29940
29940.4
29940.8
29941.2
29941.6
29942
29942.4
29942.8
29943.2
29943.6
29944
29944.4
29944.8
29945.2
29945.6
29946
29946.4
29946.8
29947.2
29947.6
29948
29948.4
29948.8
29949.2
29949.6
29950
29950.4
29950.8
29951.2
29951.6
29952
29952.4
29952.8
29953.2
29953.6
29954
29954.4
29954.8
29955.2
29955.6
29956
29956.4
29956.8
29957.2
29957.6
29958
29958.4
29958.8
29959.2
29959.6
29960
29980
30000
30020
30040
30060
30080
30100
30120
30140
30160
30180
30200
30220
30240
30260
30280
30300
30320
30340
30360
30380
30400
30420
30440
30460
30480
30500
30520
30540
30560
30580
30600
30620
30640
30660
30680
30700
30720
30740
30760
30780
30800
30820
30840
30860
30880
30900
30920
30940
30960
30980
31000
31020
31040
31060
31080
31100
31120
31140
31160
31180
31200
31220
31240
31260
31280
31300
31320
31340
31360
31380
31400
31420
31440
31460
31480
31500
31520
31540
31560
31580
31600
31620
31640
31660
31680
31700
31720
31740
31760
31780
31800
31820
31840
31860
31880
31900
31920
31940
31960
31980
32000
32020
32040
32060
32080
32100
32120
32140
32160
32180
32200
32220
32240
32260
32280
32300
32320
32340
32360
32380
32400
32420
32440
32460
32480
32500
32520
32540
32560
32580
32600
32620
32640
32640.4
32640.8
32641.2
32641.6
32642
32642.4
32642.8
32643.2
32643.6
32644
32644.4
32644.8
32645.2
32645.6
32646
32646.4
32646.8
32647.2
32647.6
32648
32648.4
32648.8
32649.2
32649.6
32650
32650.4
32650.8
32651.2
32651.6
32652
32652.4
32652.8
32653.2
32653.6
32654
32654.4
32654.8
32655.2
32655.6
32656
32656.4
32656.8
32657.2
32657.6
32658
32658.4
32658.8
32659.2
32659.6
32660
32660.4
32660.8
32661.2
32661.6
32662
32662.4
32662.8
32663.2
32663.6
32664
32664.4
32664.8
32665.2
32665.6
32666
32666.4
32666.8
32667.2
32667.6
32668
32668.4
32668.8
32669.2
32669.6
32670
32670.4
32670.8
32671.2
32671.6
32672
32672.4
32672.8
32673.2
32673.6
32674
32674.4
32674.8
32675.2
32675.6
32676
32676.4
32676.8
32677.2
32677.6
32678
32678.4
32678.8
32679.2
32679.6
32680
32700
32720
32740
32760
32780
32800
32820
32840
32860
32880
32900
32920
32940
32960
32980
33000
33020
33040
33060
33080
33100
33120
33140
33160
33180
33200
33220
33240
33260
33280
33300
33320
33340
33360
33380
33400
33420
33440
33460
33480
33500
33520
33540
33560
33580
33600
33620
33640
33660
33680
33700
33720
33740
33760
33780
33800
33820
33840
33860
33880
33900
33920
33940
33960
33980
34000
34020
34040
34060
34080
34100
34120
34140
34160
34180
34200
34220
34240
34260
34280
34300
34320
34340
34360
34380
34400
34420
34440
34460
34480
34500
34520
34540
34560
34580
34600
34620
34640
34660
34680
34700
34720
34740
34760
34780
34800
34820
34840
34860
34880
34900
34920
34940
34960
34980
35000
35020
35040
35060
35080
35100
35120
35140
35160
35180
35200
35220
35240
35260
35280
35300
35320
35340
35360
35360.4
35360.8
35361.2
35361.6
35362
35362.4
35362.8
35363.2
35363.6
35364
35364.4
35364.8
35365.2
35365.6
35366
35366.4
35366.8
35367.2
35367.6
35368
35368.4
35368.8
35369.2
35369.6
35370
35370.4
35370.8
35371.2
35371.6
35372
35372.4
35372.8
35373.2
35373.6
35374
35374.4
35374.8
35375.2
35375.6
35376
35376.4
35376.8
35377.2
35377.6
35378
35378.4
35378.8
35379.2
35379.6
35380
35380.4
35380.8
35381.2
35381.6
35382
35382.4
35382.8
35383.2
35383.6
35384
35384.4
35384.8
35385.2
35385.6
35386
35386.4
35386.8
35387.2
35387.6
35388
35388.4
35388.8
35389.2
35389.6
35390
35390.4
35390.8
35391.2
35391.6
35392
35392.4
35392.8
35393.2
35393.6
35394
35394.4
35394.8
35395.2
35395.6
35396
35396.4
35396.8
35397.2
35397.6
35398
35398.4
35398.8
35399.2
35399.6
35400
35420
35440
35460
35480
35500
35520
35540
35560
35580
35600
35620
35640
35660
35680
35700
35720
35740
35760
35780
35800
35820
35840
35860
35880
35900
35920
35940
35960
35980
36000
36020
36040
36060
36080
36100
36120
36140
36160
36180
36200
36220
36240
36260
36280
36300
36320
36340
36360
36380
36400
36420
36440
36460
36480
36500
36520
36540
36560
36580
36600
36620
36640
36660
36680
36700
36720
36740
36760
36780
36800
36820
36840
36860
36880
36900
36920
36940
36960
36980
37000
37020
37040
37060
37080
37100
37120
37140
37160
37180
37200
37220
37240
37260
37280
37300
37320
37340
37360
37380
37400
37420
37440
37460
37480
37500
37520
37540
37560
37580
37600
37620
37640
37660
37680
37700
37720
37740
37760
37780
37800
37820
37840
37860
37880
37900
37920
37940
37960
37980
38000
38020
38040
38060
38080
38080.4
38080.8
38081.2
38081.6
38082
38082.4
38082.8
38083.2
38083.6
38084
38084.4
38084.8
38085.2
38085.6
38086
38086.4
38086.8
38087.2
38087.6
38088
38088.4
38088.8
38089.2
38089.6
38090
38090.4
38090.8
38091.2
38091.6
38092
38092.4
38092.8
38093.2
38093.6
38094
38094.4
38094.8
38095.2
38095.6
38096
38096.4
38096.8
38097.2
38097.6
38098
38098.4
38098.8
38099.2
38099.6
38100
38100.4
38100.8
38101.2
38101.6
38102
38102.4
38102.8
38103.2
38103.6
38104
38104.4
38104.8
38105.2
38105.6
38106
38106.4
38106.8
38107.2
38107.6
38108
38108.4
38108.8
38109.2
38109.6
38110
38110.4
38110.8
38111.2
38111.6
38112
38112.4
38112.8
38113.2
38113.6
38114
38114.4
38114.8
38115.2
38115.6
38116
38116.4
38116.8
38117.2
38117.6
38118
38118.4
38118.8
38119.2
38119.6
38120
38140
38160
38180
38200
38220
38240
38260
38280
38300
38320
38340
38360
38380
38400
38420
38440
38460
38480
38500
38520
38540
38560
38580
38600
38620
38640
38660
38680
38700
38720
38740
38760
38780
38800
38820
38840
38860
38880
38900
38920
38940
38960
38980
39000
39020
39040
39060
39080
39100
39120
39140
39160
39180
39200
39220
39240
39260
39280
39300
39320
39340
39360
39380
39400
39420
39440
39460
39480
39500
39520
39540
39560
39580
39600
39620
39640
39660
39680
39700
39720
39740
39760
39780
39800
39820
39840
39860
39880
39900
39920
39940
39960
39980
40000
40020
40040
40060
40080
40100
40120
40140
40160
40180
40200
40220
40240
40260
40280
40300
40320
40340
40360
40380
40400
40420
40440
40460
40480
40500
40520
40540
40560
40580
40600
40620
40640
40660
40680
40700
40720
40740
40760
40780
40800
40800.4
40800.8
40801.2
40801.6
40802
40802.4
40802.8
40803.2
40803.6
40804
40804.4
40804.8
40805.2
40805.6
40806
40806.4
40806.8
40807.2
40807.6
40808
40808.4
40808.8
40809.2
40809.6
40810
40810.4
40810.8
40811.2
40811.6
40812
40812.4
40812.8
40813.2
40813.6
40814
40814.4
40814.8
40815.2
40815.6
40816
40816.4
40816.8
40817.2
40817.6
40818
40818.4
40818.8
40819.2
40819.6
40820
40820.4
40820.8
40821.2
40821.6
40822
40822.4
40822.8
40823.2
40823.6
40824
40824.4
40824.8
40825.2
40825.6
40826
40826.4
40826.8
40827.2
40827.6
40828
40828.4
40828.8
40829.2
40829.6
40830
40830.4
40830.8
40831.2
40831.6
40832
40832.4
40832.8
40833.2
40833.6
40834
40834.4
40834.8
40835.2
40835.6
40836
40836.4
40836.8
40837.2
40837.6
40838
40838.4
40838.8
40839.2
40839.6
40840
40860
40880
40900
40920
40940
40960
40980
41000
41020
41040
41060
41080
41100
41120
41140
41160
41180
41200
41220
41240
41260
41280
41300
41320
41340
41360
41380
41400
41420
41440
41460
41480
41500
41520
41540
41560
41580
41600
41620
41640
41660
41680
41700
41720
41740
41760
41780
41800
41820
41840
41860
41880
41900
41920
41940
41960
41980
42000
42020
42040
42060
42080
42100
42120
42140
42160
42180
42200
42220
42240
42260
42280
42300
42320
42340
42360
42380
42400
42420
42440
42460
42480
42500
42520
42540
42560
42580
42600
42620
42640
42660
42680
42700
42720
42740
42760
42780
42800
42820
42840
42860
42880
42900
42920
42940
42960
42980
43000
43020
43040
43060
43080
43100
43120
43140
43160
43180
43200
43220
43240
43260
43280
43300
43320
43340
43360
43380
43400
43420
43440
43460
43480
43500
43520
43520.4
43520.8
43521.2
43521.6
43522
43522.4
43522.8
43523.2
43523.6
43524
43524.4
43524.8
43525.2
43525.6
43526
43526.4
43526.8
43527.2
43527.6
43528
43528.4
43528.8
43529.2
43529.6
43530
43530.4
43530.8
43531.2
43531.6
43532
43532.4
43532.8
43533.2
43533.6
43534
43534.4
43534.8
43535.2
43535.6
43536
43536.4
43536.8
43537.2
43537.6
43538
43538.4
43538.8
43539.2
43539.6
43540
43540.4
43540.8
43541.2
43541.6
43542
43542.4
43542.8
43543.2
43543.6
43544
43544.4
43544.8
43545.2
43545.6
43546
43546.4
43546.8
43547.2
43547.6
43548
43548.4
43548.8
43549.2
43549.6
43550
43550.4
43550.8
43551.2
43551.6
43552
43552.4
43552.8
43553.2
43553.6
43554
43554.4
43554.8
43555.2
43555.6
43556
43556.4
43556.8
43557.2
43557.6
43558
43558.4
43558.8
43559.2
43559.6
43560
43580
43600
43620
43640
43660
43680
43700
43720
43740
43760
43780
43800
43820
43840
43860
43880
43900
43920
43940
43960
43980
44000
44020
44040
44060
44080
44100
44120
44140
44160
44180
44200
44220
44240
44260
44280
44300
44320
44340
44360
44380
44400
44420
44440
44460
44480
44500
44520
44540
44560
44580
44600
44620
44640
44660
44680
44700
44720
44740
44760
44780
44800
44820
44840
44860
44880
44900
44920
44940
44960
44980
45000
45020
45040
45060
45080
45100
45120
45140
45160
45180
45200
45220
45240
45260
45280
45300
45320
45340
45360
45380
45400
45420
45440
45460
45480
45500
45520
45540
45560
45580
45600
45620
45640
45660
45680
45700
45720
45740
45760
45780
45800
45820
45840
45860
45880
45900
45920
45940
45960
45980
46000
46020
46040
46060
46080
46100
46120
46140
46160
46180
46200
46220
46240
46240.4
46240.8
46241.2
46241.6
46242
46242.4
46242.8
46243.2
46243.6
46244
46244.4
46244.8
46245.2
46245.6
46246
46246.4
46246.8
46247.2
46247.6
46248
46248.4
46248.8
46249.2
46249.6
46250
46250.4
46250.8
46251.2
46251.6
46252
46252.4
46252.8
46253.2
46253.6
46254
46254.4
46254.8
46255.2
46255.6
46256
46256.4
46256.8
46257.2
46257.6
46258
46258.4
46258.8
46259.2
46259.6
46260
46260.4
46260.8
46261.2
46261.6
46262
46262.4
46262.8
46263.2
46263.6
46264
46264.4
46264.8
46265.2
46265.6
46266
46266.4
46266.8
46267.2
46267.6
46268
46268.4
46268.8
46269.2
46269.6
46270
46270.4
46270.8
46271.2
46271.6
46272
46272.4
46272.8
46273.2
46273.6
46274
46274.4
46274.8
46275.2
46275.6
46276
46276.4
46276.8
46277.2
46277.6
46278
46278.4
46278.8
46279.2
46279.6
46280
46300
46320
46340
46360
46380
46400
46420
46440
46460
46480
46500
46520
46540
46560
46580
46600
46620
46640
46660
46680
46700
46720
46740
46760
46780
46800
46820
46840
46860
46880
46900
46920
46940
46960
46980
47000
47020
47040
47060
47080
47100
47120
47140
47160
47180
47200
47220
47240
47260
47280
47300
47320
47340
47360
47380
47400
47420
47440
47460
47480
47500
47520
47540
47560
47580
47600
47620
47640
47660
47680
47700
47720
47740
47760
47780
47800
47820
47840
47860
47880
47900
47920
47940
47960
47980
48000
48020
48040
48060
48080
48100
48120
48140
48160
48180
48200
48220
48240
48260
48280
48300
48320
48340
48360
48380
48400
48420
48440
48460
48480
48500
48520
48540
48560
48580
48600
48620
48640
48660
48680
48700
48720
48740
48760
48780
48800
48820
48840
48860
48880
48900
48920
48940
48960
48960.4
48960.8
48961.2
48961.6
48962
48962.4
48962.8
48963.2
48963.6
48964
48964.4
48964.8
48965.2
48965.6
48966
48966.4
48966.8
48967.2
48967.6
48968
48968.4
48968.8
48969.2
48969.6
48970
48970.4
48970.8
48971.2
48971.6
48972
48972.4
48972.8
48973.2
48973.6
48974
48974.4
48974.8
48975.2
48975.6
48976
48976.4
48976.8
48977.2
48977.6
48978
48978.4
48978.8
48979.2
48979.6
48980
48980.4
48980.8
48981.2
48981.6
48982
48982.4
48982.8
48983.2
48983.6
48984
48984.4
48984.8
48985.2
48985.6
48986
48986.4
48986.8
48987.2
48987.6
48988
48988.4
48988.8
48989.2
48989.6
48990
48990.4
48990.8
48991.2
48991.6
48992
48992.4
48992.8
48993.2
48993.6
48994
48994.4
48994.8
48995.2
48995.6
48996
48996.4
48996.8
48997.2
48997.6
48998
48998.4
48998.8
48999.2
48999.6
49000
49020
49040
49060
49080
49100
49120
49140
49160
49180
49200
49220
49240
49260
49280
49300
49320
49340
49360
49380
49400
49420
49440
49460
49480
49500
49520
49540
49560
49580
49600
49620
49640
49660
49680
49700
49720
49740
49760
49780
49800
49820
49840
49860
49880
49900
49920
49940
49960
49980
50000
50020
50040
50060
50080
50100
50120
50140
50160
50180
50200
50220
50240
50260
50280
50300
50320
50340
50360
50380
50400
50420
50440
50460
50480
50500
50520
50540
50560
50580
50600
50620
50640
50660
50680
50700
50720
50740
50760
50780
50800
50820
50840
50860
50880
50900
50920
50940
50960
50980
51000
51020
51040
51060
51080
51100
51120
51140
51160
51180
51200
51220
51240
51260
51280
51300
51320
51340
51360
51380
51400
51420
51440
51460
51480
51500
51520
51540
51560
51580
51600
51620
51640
51660
51680
51680.4
51680.8
51681.2
51681.6
51682
51682.4
51682.8
51683.2
51683.6
51684
51684.4
51684.8
51685.2
51685.6
51686
51686.4
51686.8
51687.2
51687.6
51688
51688.4
51688.8
51689.2
51689.6
51690
51690.4
51690.8
51691.2
51691.6
51692
51692.4
51692.8
51693.2
51693.6
51694
51694.4
51694.8
51695.2
51695.6
51696
51696.4
51696.8
51697.2
51697.6
51698
51698.4
51698.8
51699.2
51699.6
51700
51700.4
51700.8
51701.2
51701.6
51702
51702.4
51702.8
51703.2
51703.6
51704
51704.4
51704.8
51705.2
51705.6
51706
51706.4
51706.8
51707.2
51707.6
51708
51708.4
51708.8
51709.2
51709.6
51710
51710.4
51710.8
51711.2
51711.6
51712
51712.4
51712.8
51713.2
51713.6
51714
51714.4
51714.8
51715.2
51715.6
51716
51716.4
51716.8
51717.2
51717.6
51718
51718.4
51718.8
51719.2
51719.6
51720
51740
51760
51780
51800
51820
51840
51860
51880
51900
51920
51940
51960
51980
52000
52020
52040
52060
52080
52100
52120
52140
52160
52180
52200
52220
52240
52260
52280
52300
52320
52340
52360
52380
52400
52420
52440
52460
52480
52500
52520
52540
52560
52580
52600
52620
52640
52660
52680
52700
52720
52740
52760
52780
52800
52820
52840
52860
52880
52900
52920
52940
52960
52980
53000
53020
53040
53060
53080
53100
53120
53140
53160
53180
53200
53220
53240
53260
53280
53300
53320
53340
53360
53380
53400
53420
53440
53460
53480
53500
53520
53540
53560
53580
53600
53620
53640
53660
53680
53700
53720
53740
53760
53780
53800
53820
53840
53860
53880
53900
53920
53940
53960
53980
54000
54020
54040
54060
54080
54100
54120
54140
54160
54180
54200
54220
54240
54260
54280
54300
54320
54340
54360
54380
54400
54400.4
54400.8
54401.2
54401.6
54402
54402.4
54402.8
54403.2
54403.6
54404
54404.4
54404.8
54405.2
54405.6
54406
54406.4
54406.8
54407.2
54407.6
54408
54408.4
54408.8
54409.2
54409.6
54410
54410.4
54410.8
54411.2
54411.6
54412
54412.4
54412.8
54413.2
54413.6
54414
54414.4
54414.8
54415.2
54415.6
54416
54416.4
54416.8
54417.2
54417.6
54418
54418.4
54418.8
54419.2
54419.6
54420
54420.4
54420.8
54421.2
54421.6
54422
54422.4
54422.8
54423.2
54423.6
54424
54424.4
54424.8
54425.2
54425.6
54426
54426.4
54426.8
54427.2
54427.6
54428
54428.4
54428.8
54429.2
54429.6
54430
54430.4
54430.8
54431.2
54431.6
54432
54432.4
54432.8
54433.2
54433.6
54434
54434.4
54434.8
54435.2
54435.6
54436
54436.4
54436.8
54437.2
54437.6
54438
54438.4
54438.8
54439.2
54439.6
54440
54460
54480
54500
54520
54540
54560
54580
54600
54620
54640
54660
54680
54700
54720
54740
54760
54780
54800
54820
54840
54860
54880
54900
54920
54940
54960
54980
55000
55020
55040
55060
55080
55100
55120
55140
55160
55180
55200
55220
55240
55260
55280
55300
55320
55340
55360
55380
55400
55420
55440
55460
55480
55500
55520
55540
55560
55580
55600
55620
55640
55660
55680
55700
55720
55740
55760
55780
55800
55820
55840
55860
55880
55900
55920
55940
55960
55980
56000
56020
56040
56060
56080
56100
56120
56140
56160
56180
56200
56220
56240
56260
56280
56300
56320
56340
56360
56380
56400
56420
56440
56460
56480
56500
56520
56540
56560
56580
56600
56620
56640
56660
56680
56700
56720
56740
56760
56780
56800
56820
56840
56860
56880
56900
56920
56940
56960
56980
57000
57020
57040
57060
57080
57100
57120
57120.4
57120.8
57121.2
57121.6
57122
57122.4
57122.8
57123.2
57123.6
57124
57124.4
57124.8
57125.2
57125.6
57126
57126.4
57126.8
57127.2
57127.6
57128
57128.4
57128.8
57129.2
57129.6
57130
57130.4
57130.8
57131.2
57131.6
57132
57132.4
57132.8
57133.2
57133.6
57134
57134.4
57134.8
57135.2
57135.6
57136
57136.4
57136.8
57137.2
57137.6
57138
57138.4
57138.8
57139.2
57139.6
57140
57140.4
57140.8
57141.2
57141.6
57142
57142.4
57142.8
57143.2
57143.6
57144
57144.4
57144.8
57145.2
57145.6
57146
57146.4
57146.8
57147.2
57147.6
57148
57148.4
57148.8
57149.2
57149.6
57150
57150.4
57150.8
57151.2
57151.6
57152
57152.4
57152.8
57153.2
57153.6
57154
57154.4
57154.8
57155.2
57155.6
57156
57156.4
57156.8
57157.2
57157.6
57158
57158.4
57158.8
57159.2
57159.6
57160
57180
57200
57220
57240
57260
57280
57300
57320
57340
57360
57380
57400
57420
57440
57460
57480
57500
57520
57540
57560
57580
57600
57620
57640
57660
57680
57700
57720
57740
57760
57780
57800
57820
57840
57860
57880
57900
57920
57940
57960
57980
58000
58020
58040
58060
58080
58100
58120
58140
58160
58180
58200
58220
58240
58260
58280
58300
58320
58340
58360
58380
58400
58420
58440
58460
58480
58500
58520
58540
58560
58580
58600
58620
58640
58660
58680
58700
58720
58740
58760
58780
58800
58820
58840
58860
58880
58900
58920
58940
58960
58980
59000
59020
59040
59060
59080
59100
59120
59140
59160
59180
59200
59220
59240
59260
59280
59300
59320
59340
59360
59380
59400
59420
59440
59460
59480
59500
59520
59540
59560
59580
59600
59620
59640
59660
59680
59700
59720
59740
59760
59780
59800
59820
59840
59840.4
59840.8
59841.2
59841.6
59842
59842.4
59842.8
59843.2
59843.6
59844
59844.4
59844.8
59845.2
59845.6
59846
59846.4
59846.8
59847.2
59847.6
59848
59848.4
59848.8
59849.2
59849.6
59850
59850.4
59850.8
59851.2
59851.6
59852
59852.4
59852.8
59853.2
59853.6
59854
59854.4
59854.8
59855.2
59855.6
59856
59856.4
59856.8
59857.2
59857.6
59858
59858.4
59858.8
59859.2
59859.6
59860
59860.4
59860.8
59861.2
59861.6
59862
59862.4
59862.8
59863.2
59863.6
59864
59864.4
59864.8
59865.2
59865.6
59866
59866.4
59866.8
59867.2
59867.6
59868
59868.4
59868.8
59869.2
59869.6
59870
59870.4
59870.8
59871.2
59871.6
59872
59872.4
59872.8
59873.2
59873.6
59874
59874.4
59874.8
59875.2
59875.6
59876
59876.4
59876.8
59877.2
59877.6
59878
59878.4
59878.8
59879.2
59879.6
59880
59900
59920
59940
59960
59980
60000
60020
60040
60060
60080
60100
60120
60140
60160
60180
60200
60220
60240
60260
60280
60300
60320
60340
60360
60380
60400
60420
60440
60460
60480
60500
60520
60540
60560
60580
60600
60620
60640
60660
60680
60700
60720
60740
60760
60780
60800
60820
60840
60860
60880
60900
60920
60940
60960
60980
61000
61020
61040
61060
61080
61100
61120
61140
61160
61180
61200
61220
61240
61260
61280
61300
61320
61340
61360
61380
61400
61420
61440
61460
61480
61500
61520
61540
61560
61580
61600
61620
61640
61660
61680
61700
61720
61740
61760
61780
61800
61820
61840
61860
61880
61900
61920
61940
61960
61980
62000
62020
62040
62060
62080
62100
62120
62140
62160
62180
62200
62220
62240
62260
62280
62300
62320
62340
62360
62380
62400
62420
62440
62460
62480
62500
62520
62540
62560
62560.4
62560.8
62561.2
62561.6
62562
62562.4
62562.8
62563.2
62563.6
62564
62564.4
62564.8
62565.2
62565.6
62566
62566.4
62566.8
62567.2
62567.6
62568
62568.4
62568.8
62569.2
62569.6
62570
62570.4
62570.8
62571.2
62571.6
62572
62572.4
62572.8
62573.2
62573.6
62574
62574.4
62574.8
62575.2
62575.6
62576
62576.4
62576.8
62577.2
62577.6
62578
62578.4
62578.8
62579.2
62579.6
62580
62580.4
62580.8
62581.2
62581.6
62582
62582.4
62582.8
62583.2
62583.6
62584
62584.4
62584.8
62585.2
62585.6
62586
62586.4
62586.8
62587.2
62587.6
62588
62588.4
62588.8
62589.2
62589.6
62590
62590.4
62590.8
62591.2
62591.6
62592
62592.4
62592.8
62593.2
62593.6
62594
62594.4
62594.8
62595.2
62595.6
62596
62596.4
62596.8
62597.2
62597.6
62598
62598.4
62598.8
62599.2
62599.6
62600
62620
62640
62660
62680
62700
62720
62740
62760
62780
62800
62820
62840
62860
62880
62900
62920
62940
62960
62980
63000
63020
63040
63060
63080
63100
63120
63140
63160
63180
63200
63220
63240
63260
63280
63300
63320
63340
63360
63380
63400
63420
63440
63460
63480
63500
63520
63540
63560
63580
63600
63620
63640
63660
63680
63700
63720
63740
63760
63780
63800
63820
63840
63860
63880
63900
63920
63940
63960
63980
64000
64020
64040
64060
64080
64100
64120
64140
64160
64180
64200
64220
64240
64260
64280
64300
64320
64340
64360
64380
64400
64420
64440
64460
64480
64500
64520
64540
64560
64580
64600
64620
64640
64660
64680
64700
64720
64740
64760
64780
64800
64820
64840
64860
64880
64900
64920
64940
64960
64980
65000
65020
65040
65060
65080
65100
65120
65140
65160
65180
65200
65220
65240
65260