# first column: time
# 2 column: 1th component of the strain (EXX)
# 3 column: 2th component of the strain (EYY)
# 4 column: 3th component of the strain (EZZ)
# 5 column: 4th component of the strain (EXY)
# 6 column: 5th component of the strain (EXZ)
# 7 column: 6th component of the strain (EYZ)
# 8 column: 1th component of the stress (SXX)
# 9 column: 2th component of the stress (SYY)
# 10 column: 3th component of the stress (SZZ)
# 11 column: 4th component of the stress (SXY)
# 12 column: 5th component of the stress (SXZ)
# 13 column: 6th component of the stress (SYZ)
# 14 column: first component of internal variable 'ElasticStrain' (ElasticStrainXX)
# 15 column: second component of internal variable 'ElasticStrain' (ElasticStrainYY)
# 16 column: third component of internal variable 'ElasticStrain' (ElasticStrainZZ)
# 17 column: fourth component of internal variable 'ElasticStrain' (ElasticStrainXY)
# 18 column: fifth component of internal variable 'ElasticStrain' (ElasticStrainXZ)
# 19 column: sixth component of internal variable 'ElasticStrain' (ElasticStrainYZ)
# 20 column: p
# 21 column: first component of internal variable 'a[0]' (a[0]XX)
# 22 column: second component of internal variable 'a[0]' (a[0]YY)
# 23 column: third component of internal variable 'a[0]' (a[0]ZZ)
# 24 column: fourth component of internal variable 'a[0]' (a[0]XY)
# 25 column: fifth component of internal variable 'a[0]' (a[0]XZ)
# 26 column: sixth component of internal variable 'a[0]' (a[0]YZ)
# 27 column: first component of internal variable 'a[1]' (a[1]XX)
# 28 column: second component of internal variable 'a[1]' (a[1]YY)
# 29 column: third component of internal variable 'a[1]' (a[1]ZZ)
# 30 column: fourth component of internal variable 'a[1]' (a[1]XY)
# 31 column: fifth component of internal variable 'a[1]' (a[1]XZ)
# 32 column: sixth component of internal variable 'a[1]' (a[1]YZ)
# 33 column: stored energy
# 34 column: disspated energy
0 0 0 0 0 0 0 0 0 0 0 0 0 0 0 0 0 0 0 0 0 0 0 0 0 0 0 0 0 0 0 0 0 0
1 0.0001 -3e-05 -3e-05 0 0 0 2 -3.90928e-12 -3.90933e-12 0 0 0 0.0001 -3e-05 -3e-05 0 0 0 0 0 0 0 0 0 0 0 0 0 0 0 0 0 0
2 0.0002 -6e-05 -6e-05 0 0 0 4 -3.90923e-12 -3.90934e-12 0 0 0 0.0002 -6e-05 -6e-05 0 0 0 0 0 0 0 0 0 0 0 0 0 0 0 0 0 0
3 0.0003 -9e-05 -9e-05 0 0 0 6 3.32437e-17 3.32437e-17 0 0 0 0.0003 -9e-05 -9e-05 0 0 0 0 0 0 0 0 0 0 0 0 0 0 0 0 0 0
4 0.0004 -0.00012 -0.00012 0 0 0 8 3.90941e-12 3.90962e-12 0 0 0 0.0004 -0.00012 -0.00012 0 0 0 0 0 0 0 0 0 0 0 0 0 0 0 0 0 0
5 0.0005 -0.00015 -0.00015 0 0 0 10 3.90979e-12 3.90979e-12 0 0 0 0.0005 -0.00015 -0.00015 0 0 0 0 0 0 0 0 0 0 0 0 0 0 0 0 0 0
6 0.0006 -0.00018 -0.00018 0 0 0 12 9.54666e-16 5.37665e-16 0 0 0 0.0006 -0.00018 -0.00018 0 0 0 0 0 0 0 0 0 0 0 0 0 0 0 0 0 0
7 0.0007 -0.00021 -0.00021 0 0 0 14 -3.90832e-12 -3.90874e-12 0 0 0 0.0007 -0.00021 -0.00021 0 0 0 0 0 0 0 0 0 0 0 0 0 0 0 0 0 0
8 0.0008 -0.00024 -0.00024 0 0 0 16 -3.90947e-12 -3.90947e-12 0 0 0 0.0008 -0.00024 -0.00024 0 0 0 0 0 0 0 0 0 0 0 0 0 0 0 0 0 0
9 0.0009 -0.00027 -0.00027 0 0 0 18 -1.6089e-15 -1.6089e-15 0 0 0 0.0009 -0.00027 -0.00027 0 0 0 0 0 0 0 0 0 0 0 0 0 0 0 0 0 0
10 0.001 -0.0003 -0.0003 0 0 0 20 3.9102e-12 3.9102e-12 0 0 0 0.001 -0.0003 -0.0003 0 0 0 0 0 0 0 0 0 0 0 0 0 0 0 0 0 0
11 0.0011 -0.00033 -0.00033 0 0 0 22 3.9108e-12 3.9108e-12 0 0 0 0.0011 -0.00033 -0.00033 0 0 0 0 0 0 0 0 0 0 0 0 0 0 0 0 0 0
12 0.0012 -0.00036 -0.00036 0 0 0 24 2.79751e-15 2.79751e-15 0 0 0 0.0012 -0.00036 -0.00036 0 0 0 0 0 0 0 0 0 0 0 0 0 0 0 0 0 0
13 0.0013 -0.00039 -0.00039 0 0 0 26 -3.91126e-12 -3.91126e-12 0 0 0 0.0013 -0.00039 -0.00039 0 0 0 0 0 0 0 0 0 0 0 0 0 0 0 0 0 0
14 0.0014 -0.00042 -0.00042 0 0 0 28 -3.90972e-12 -3.90972e-12 0 0 0 0.0014 -0.00042 -0.00042 0 0 0 0 0 0 0 0 0 0 0 0 0 0 0 0 0 0
15 0.0015 -0.00045 -0.00045 0 0 0 30 -4.12569e-15 -4.12569e-15 0 0 0 0.0015 -0.00045 -0.00045 0 0 0 0 0 0 0 0 0 0 0 0 0 0 0 0 0 0
16 0.0016 -0.00048 -0.00048 0 0 0 32 3.9094e-12 3.9094e-12 0 0 0 0.0016 -0.00048 -0.00048 0 0 0 0 0 0 0 0 0 0 0 0 0 0 0 0 0 0
17 0.0017 -0.00051 -0.00051 0 0 0 34 3.91439e-12 3.91606e-12 0 0 0 0.0017 -0.00051 -0.00051 0 0 0 0 0 0 0 0 0 0 0 0 0 0 0 0 0 0
18 0.0018 -0.00054 -0.00054 0 0 0 36 5.55562e-15 7.22362e-15 0 0 0 0.0018 -0.00054 -0.00054 0 0 0 0 0 0 0 0 0 0 0 0 0 0 0 0 0 0
19 0.0019 -0.00057 -0.00057 0 0 0 38 -3.9085e-12 -3.9085e-12 0 0 0 0.0019 -0.00057 -0.00057 0 0 0 0 0 0 0 0 0 0 0 0 0 0 0 0 0 0
20 0.002 -0.0006 -0.0006 0 0 0 40 -3.9114e-12 -3.91307e-12 0 0 0 0.002 -0.0006 -0.0006 0 0 0 0 0 0 0 0 0 0 0 0 0 0 0 0 0 0
21 0.0021 -0.00063 -0.00063 0 0 0 42 -1.1809e-14 -1.3477e-14 0 0 0 0.0021 -0.00063 -0.00063 0 0 0 0 0 0 0 0 0 0 0 0 0 0 0 0 0 0
22 0.0022 -0.00066 -0.00066 0 0 0 44 3.90511e-12 3.90511e-12 0 0 0 0.0022 -0.00066 -0.00066 0 0 0 0 0 0 0 0 0 0 0 0 0 0 0 0 0 0
23 0.0023 -0.00069 -0.00069 0 0 0 46 3.91776e-12 3.91943e-12 0 0 0 0.0023 -0.00069 -0.00069 0 0 0 0 0 0 0 0 0 0 0 0 0 0 0 0 0 0
24 0.0024 -0.00072 -0.00072 0 0 0 48 1.41517e-14 1.58197e-14 0 0 0 0.0024 -0.00072 -0.00072 0 0 0 0 0 0 0 0 0 0 0 0 0 0 0 0 0 0
25 0.0025 -0.00075 -0.00075 0 0 0 50 -3.90346e-12 -3.90346e-12 0 0 0 0.0025 -0.00075 -0.00075 0 0 0 0 0 0 0 0 0 0 0 0 0 0 0 0 0 0
26 0.0026 -0.00078 -0.00078 0 0 0 52 -3.92035e-12 -3.92202e-12 0 0 0 0.0026 -0.00078 -0.00078 0 0 0 0 0 0 0 0 0 0 0 0 0 0 0 0 0 0
27 0.0027 -0.00081 -0.00081 0 0 0 54 -1.37627e-14 -1.54307e-14 0 0 0 0.0027 -0.00081 -0.00081 0 0 0 0 0 0 0 0 0 0 0 0 0 0 0 0 0 0
28 0.0028 -0.00084 -0.00084 0 0 0 56 3.90483e-12 3.90483e-12 0 0 0 0.0028 -0.00084 -0.00084 0 0 0 0 0 0 0 0 0 0 0 0 0 0 0 0 0 0
29 0.0029 -0.00087 -0.00087 0 0 0 58 3.91915e-12 3.92082e-12 0 0 0 0.0029 -0.00087 -0.00087 0 0 0 0 0 0 0 0 0 0 0 0 0 0 0 0 0 0
30 0.003 -0.0009 -0.0009 0 0 0 60 1.90868e-14 2.07548e-14 0 0 0 0.003 -0.0009 -0.0009 0 0 0 0 0 0 0 0 0 0 0 0 0 0 0 0 0 0
31 0.0031 -0.00093 -0.00093 0 0 0 62 -3.90374e-12 -3.90374e-12 0 0 0 0.0031 -0.00093 -0.00093 0 0 0 0 0 0 0 0 0 0 0 0 0 0 0 0 0 0
32 0.0032 -0.00096 -0.00096 0 0 0 64 -3.92397e-12 -3.92564e-12 0 0 0 0.0032 -0.00096 -0.00096 0 0 0 0 0 0 0 0 0 0 0 0 0 0 0 0 0 0
33 0.0033 -0.00099 -0.00099 0 0 0 66 -1.58247e-14 -1.91607e-14 0 0 0 0.0033 -0.00099 -0.00099 0 0 0 0 0 0 0 0 0 0 0 0 0 0 0 0 0 0
34 0.0034 -0.00102 -0.00102 0 0 0 68 3.91498e-12 3.91498e-12 0 0 0 0.0034 -0.00102 -0.00102 0 0 0 0 0 0 0 0 0 0 0 0 0 0 0 0 0 0
35 0.0035 -0.00105 -0.00105 0 0 0 70 3.92774e-12 3.93108e-12 0 0 0 0.0035 -0.00105 -0.00105 0 0 0 0 0 0 0 0 0 0 0 0 0 0 0 0 0 0
36 0.0036 -0.00108 -0.00108 0 0 0 72 1.00277e-14 1.33637e-14 0 0 0 0.0036 -0.00108 -0.00108 0 0 0 0 0 0 0 0 0 0 0 0 0 0 0 0 0 0
37 0.0037 -0.00111 -0.00111 0 0 0 74 -3.91436e-12 -3.91436e-12 0 0 0 0.0037 -0.00111 -0.00111 0 0 0 0 0 0 0 0 0 0 0 0 0 0 0 0 0 0
38 0.0038 -0.00114 -0.00114 0 0 0 76 -3.92248e-12 -3.92582e-12 0 0 0 0.0038 -0.00114 -0.00114 0 0 0 0 0 0 0 0 0 0 0 0 0 0 0 0 0 0
39 0.0039 -0.00117 -0.00117 0 0 0 78 -1.78867e-14 -2.12227e-14 0 0 0 0.0039 -0.00117 -0.00117 0 0 0 0 0 0 0 0 0 0 0 0 0 0 0 0 0 0
40 0.004 -0.0012 -0.0012 0 0 0 80 3.91491e-12 3.91491e-12 0 0 0 0.004 -0.0012 -0.0012 0 0 0 0 0 0 0 0 0 0 0 0 0 0 0 0 0 0
41 0.0041 -0.00123 -0.00123 0 0 0 82 3.92767e-12 3.93101e-12 0 0 0 0.0041 -0.00123 -0.00123 0 0 0 0 0 0 0 0 0 0 0 0 0 0 0 0 0 0
42 0.0042 -0.00126 -0.00126 0 0 0 84 2.04002e-14 2.37362e-14 0 0 0 0.0042 -0.00126 -0.00126 0 0 0 0 0 0 0 0 0 0 0 0 0 0 0 0 0 0
43 0.0043 -0.00129 -0.00129 0 0 0 86 -3.90754e-12 -3.90754e-12 0 0 0 0.0043 -0.00129 -0.00129 0 0 0 0 0 0 0 0 0 0 0 0 0 0 0 0 0 0
44 0.0044 -0.00132 -0.00132 0 0 0 88 -3.9261e-12 -3.92944e-12 0 0 0 0.0044 -0.00132 -0.00132 0 0 0 0 0 0 0 0 0 0 0 0 0 0 0 0 0 0
45 0.0045 -0.00135 -0.00135 0 0 0 90 -1.10669e-14 -1.4403e-14 0 0 0 0.0045 -0.00135 -0.00135 0 0 0 0 0 0 0 0 0 0 0 0 0 0 0 0 0 0
46 0.0046 -0.00138 -0.00138 0 0 0 92 3.91463e-12 3.91463e-12 0 0 0 0.0046 -0.00138 -0.00138 0 0 0 0 0 0 0 0 0 0 0 0 0 0 0 0 0 0
47 0.0047 -0.00141 -0.00141 0 0 0 94 3.92384e-12 3.92717e-12 0 0 0 0.0047 -0.00141 -0.00141 0 0 0 0 0 0 0 0 0 0 0 0 0 0 0 0 0 0
48 0.0048 -0.00144 -0.00144 0 0 0 96 2.01145e-14 2.34505e-14 0 0 0 0.0048 -0.00144 -0.00144 0 0 0 0 0 0 0 0 0 0 0 0 0 0 0 0 0 0
49 0.0049 -0.00147 -0.00147 0 0 0 98 -3.90783e-12 -3.90783e-12 0 0 0 0.0049 -0.00147 -0.00147 0 0 0 0 0 0 0 0 0 0 0 0 0 0 0 0 0 0
50 0.005 -0.0015 -0.0015 0 0 0 100 -3.92283e-12 -3.92617e-12 0 0 0 0.005 -0.0015 -0.0015 0 0 0 0 0 0 0 0 0 0 0 0 0 0 0 0 0 0
51 0.0051 -0.00153 -0.00153 0 0 0 102 -2.1794e-14 -2.513e-14 0 0 0 0.0051 -0.00153 -0.00153 0 0 0 0 0 0 0 0 0 0 0 0 0 0 0 0 0 0
52 0.0052 -0.00156 -0.00156 0 0 0 104 3.90035e-12 3.90035e-12 0 0 0 0.0052 -0.00156 -0.00156 0 0 0 0 0 0 0 0 0 0 0 0 0 0 0 0 0 0
53 0.0053 -0.00159 -0.00159 0 0 0 106 3.92355e-12 3.92689e-12 0 0 0 0.0053 -0.00159 -0.00159 0 0 0 0 0 0 0 0 0 0 0 0 0 0 0 0 0 0
54 0.0054 -0.00162 -0.00162 0 0 0 108 2.31649e-14 2.65009e-14 0 0 0 0.0054 -0.00162 -0.00162 0 0 0 0 0 0 0 0 0 0 0 0 0 0 0 0 0 0
55 0.0055 -0.00165 -0.00165 0 0 0 110 -3.89767e-12 -3.89767e-12 0 0 0 0.0055 -0.00165 -0.00165 0 0 0 0 0 0 0 0 0 0 0 0 0 0 0 0 0 0
56 0.0056 -0.00168 -0.00168 0 0 0 112 -3.93711e-12 -3.94045e-12 0 0 0 0.0056 -0.00168 -0.00168 0 0 0 0 0 0 0 0 0 0 0 0 0 0 0 0 0 0
57 0.0057 -0.00171 -0.00171 0 0 0 114 -2.54157e-14 -2.87517e-14 0 0 0 0.0057 -0.00171 -0.00171 0 0 0 0 0 0 0 0 0 0 0 0 0 0 0 0 0 0
58 0.0058 -0.00174 -0.00174 0 0 0 116 3.90006e-12 3.90006e-12 0 0 0 0.0058 -0.00174 -0.00174 0 0 0 0 0 0 0 0 0 0 0 0 0 0 0 0 0 0
59 0.0059 -0.00177 -0.00177 0 0 0 118 3.93371e-12 3.93704e-12 0 0 0 0.0059 -0.00177 -0.00177 0 0 0 0 0 0 0 0 0 0 0 0 0 0 0 0 0 0
60 0.006 -0.0018 -0.0018 0 0 0 120 3.35374e-14 3.68734e-14 0 0 0 0.006 -0.0018 -0.0018 0 0 0 0 0 0 0 0 0 0 0 0 0 0 0 0 0 0
61 0.0061 -0.00183 -0.00183 0 0 0 122 -3.89796e-12 -3.89796e-12 0 0 0 0.0061 -0.00183 -0.00183 0 0 0 0 0 0 0 0 0 0 0 0 0 0 0 0 0 0
62 0.0062 -0.00186 -0.00186 0 0 0 124 -3.94074e-12 -3.94407e-12 0 0 0 0.0062 -0.00186 -0.00186 0 0 0 0 0 0 0 0 0 0 0 0 0 0 0 0 0 0
63 0.0063 -0.00189 -0.00189 0 0 0 126 -4.63675e-14 -4.97035e-14 0 0 0 0.0063 -0.00189 -0.00189 0 0 0 0 0 0 0 0 0 0 0 0 0 0 0 0 0 0
64 0.0064 -0.00192 -0.00192 0 0 0 128 3.89644e-12 3.89644e-12 0 0 0 0.0064 -0.00192 -0.00192 0 0 0 0 0 0 0 0 0 0 0 0 0 0 0 0 0 0
65 0.0065 -0.00195 -0.00195 0 0 0 130 3.94741e-12 3.95075e-12 0 0 0 0.0065 -0.00195 -0.00195 0 0 0 0 0 0 0 0 0 0 0 0 0 0 0 0 0 0
66 0.0066 -0.00198 -0.00198 0 0 0 132 5.41346e-14 5.41346e-14 0 0 0 0.0066 -0.00198 -0.00198 0 0 0 0 0 0 0 0 0 0 0 0 0 0 0 0 0 0
67 0.0067 -0.00201 -0.00201 0 0 0 134 -3.91579e-12 -3.91579e-12 0 0 0 0.0067 -0.00201 -0.00201 0 0 0 0 0 0 0 0 0 0 0 0 0 0 0 0 0 0
68 0.0068 -0.00204 -0.00204 0 0 0 136 -3.95125e-12 -3.95125e-12 0 0 0 0.0068 -0.00204 -0.00204 0 0 0 0 0 0 0 0 0 0 0 0 0 0 0 0 0 0
69 0.0069 -0.00207 -0.00207 0 0 0 138 -4.99892e-14 -4.99892e-14 0 0 0 0.0069 -0.00207 -0.00207 0 0 0 0 0 0 0 0 0 0 0 0 0 0 0 0 0 0
70 0.007 -0.0021 -0.0021 0 0 0 140 3.92059e-12 3.92059e-12 0 0 0 0.007 -0.0021 -0.0021 0 0 0 0 0 0 0 0 0 0 0 0 0 0 0 0 0 0
71 0.0071 -0.00213 -0.00213 0 0 0 142 3.95046e-12 3.95046e-12 0 0 0 0.0071 -0.00213 -0.00213 0 0 0 0 0 0 0 0 0 0 0 0 0 0 0 0 0 0
72 0.0072 -0.00216 -0.00216 0 0 0 144 3.2966e-14 3.2966e-14 0 0 0 0.0072 -0.00216 -0.00216 0 0 0 0 0 0 0 0 0 0 0 0 0 0 0 0 0 0
73 0.0073 -0.00219 -0.00219 0 0 0 146 -3.91919e-12 -3.91919e-12 0 0 0 0.0073 -0.00219 -0.00219 0 0 0 0 0 0 0 0 0 0 0 0 0 0 0 0 0 0
74 0.0074 -0.00222 -0.00222 0 0 0 148 -3.93776e-12 -3.93776e-12 0 0 0 0.0074 -0.00222 -0.00222 0 0 0 0 0 0 0 0 0 0 0 0 0 0 0 0 0 0
75 0.0075 -0.00225 -0.00225 0 0 0 150 -3.64974e-14 -3.64974e-14 0 0 0 0.0075 -0.00225 -0.00225 0 0 0 0 0 0 0 0 0 0 0 0 0 0 0 0 0 0
76 0.0076 -0.00228 -0.00228 0 0 0 152 3.90653e-12 3.90653e-12 0 0 0 0.0076 -0.00228 -0.00228 0 0 0 0 0 0 0 0 0 0 0 0 0 0 0 0 0 0
77 0.0077 -0.00231 -0.00231 0 0 0 154 3.9364e-12 3.9364e-12 0 0 0 0.0077 -0.00231 -0.00231 0 0 0 0 0 0 0 0 0 0 0 0 0 0 0 0 0 0
78 0.0078 -0.00234 -0.00234 0 0 0 156 1.17975e-14 1.17975e-14 0 0 0 0.0078 -0.00234 -0.00234 0 0 0 0 0 0 0 0 0 0 0 0 0 0 0 0 0 0
79 0.0079 -0.00237 -0.00237 0 0 0 158 -3.90527e-12 -3.90527e-12 0 0 0 0.0079 -0.00237 -0.00237 0 0 0 0 0 0 0 0 0 0 0 0 0 0 0 0 0 0
80 0.008 -0.0024 -0.0024 0 0 0 160 -3.92383e-12 -3.92383e-12 0 0 0 0.008 -0.0024 -0.0024 0 0 0 0 0 0 0 0 0 0 0 0 0 0 0 0 0 0
81 0.0081 -0.00243 -0.00243 0 0 0 162 -7.92796e-15 -7.92796e-15 0 0 0 0.0081 -0.00243 -0.00243 0 0 0 0 0 0 0 0 0 0 0 0 0 0 0 0 0 0
82 0.0082 -0.00246 -0.00246 0 0 0 164 3.91421e-12 3.91421e-12 0 0 0 0.0082 -0.00246 -0.00246 0 0 0 0 0 0 0 0 0 0 0 0 0 0 0 0 0 0
83 0.0083 -0.00249 -0.00249 0 0 0 166 3.92364e-12 3.92364e-12 0 0 0 0.0083 -0.00249 -0.00249 0 0 0 0 0 0 0 0 0 0 0 0 0 0 0 0 0 0
84 0.0084 -0.00252 -0.00252 0 0 0 168 -5.31948e-16 -5.31948e-16 0 0 0 0.0084 -0.00252 -0.00252 0 0 0 0 0 0 0 0 0 0 0 0 0 0 0 0 0 0
85 0.0085 -0.00255 -0.00255 0 0 0 170 -3.91093e-12 -3.91093e-12 0 0 0 0.0085 -0.00255 -0.00255 0 0 0 0 0 0 0 0 0 0 0 0 0 0 0 0 0 0
86 0.0086 -0.00258 -0.00258 0 0 0 172 -3.92949e-12 -3.92949e-12 0 0 0 0.0086 -0.00258 -0.00258 0 0 0 0 0 0 0 0 0 0 0 0 0 0 0 0 0 0
87 0.0087 -0.00261 -0.00261 0 0 0 174 -2.06908e-14 -2.06908e-14 0 0 0 0.0087 -0.00261 -0.00261 0 0 0 0 0 0 0 0 0 0 0 0 0 0 0 0 0 0
88 0.0088 -0.00264 -0.00264 0 0 0 176 3.90145e-12 3.90145e-12 0 0 0 0.0088 -0.00264 -0.00264 0 0 0 0 0 0 0 0 0 0 0 0 0 0 0 0 0 0
89 0.0089 -0.00267 -0.00267 0 0 0 178 3.92465e-12 3.92465e-12 0 0 0 0.0089 -0.00267 -0.00267 0 0 0 0 0 0 0 0 0 0 0 0 0 0 0 0 0 0
90 0.009 -0.0027 -0.0027 0 0 0 180 2.84709e-14 2.84709e-14 0 0 0 0.009 -0.0027 -0.0027 0 0 0 0 0 0 0 0 0 0 0 0 0 0 0 0 0 0
91 0.0091 -0.00273 -0.00273 0 0 0 182 -3.90991e-12 -3.90991e-12 0 0 0 0.0091 -0.00273 -0.00273 0 0 0 0 0 0 0 0 0 0 0 0 0 0 0 0 0 0
92 0.0092 -0.00276 -0.00276 0 0 0 184 -3.93514e-12 -3.93514e-12 0 0 0 0.0092 -0.00276 -0.00276 0 0 0 0 0 0 0 0 0 0 0 0 0 0 0 0 0 0
93 0.0093 -0.00279 -0.00279 0 0 0 186 -2.63483e-14 -2.63483e-14 0 0 0 0.0093 -0.00279 -0.00279 0 0 0 0 0 0 0 0 0 0 0 0 0 0 0 0 0 0
94 0.0094 -0.00282 -0.00282 0 0 0 188 3.91668e-12 3.91668e-12 0 0 0 0.0094 -0.00282 -0.00282 0 0 0 0 0 0 0 0 0 0 0 0 0 0 0 0 0 0
95 0.0095 -0.00285 -0.00285 0 0 0 190 3.93277e-12 3.93277e-12 0 0 0 0.0095 -0.00285 -0.00285 0 0 0 0 0 0 0 0 0 0 0 0 0 0 0 0 0 0
96 0.0096 -0.00288 -0.00288 0 0 0 192 2.28135e-14 2.28135e-14 0 0 0 0.0096 -0.00288 -0.00288 0 0 0 0 0 0 0 0 0 0 0 0 0 0 0 0 0 0
97 0.0097 -0.00291 -0.00291 0 0 0 194 -3.90846e-12 -3.90846e-12 0 0 0 0.0097 -0.00291 -0.00291 0 0 0 0 0 0 0 0 0 0 0 0 0 0 0 0 0 0
98 0.0098 -0.00294 -0.00294 0 0 0 196 -3.9408e-12 -3.9408e-12 0 0 0 0.0098 -0.00294 -0.00294 0 0 0 0 0 0 0 0 0 0 0 0 0 0 0 0 0 0
99 0.0099 -0.00297 -0.00297 0 0 0 198 -3.20057e-14 -3.20057e-14 0 0 0 0.0099 -0.00297 -0.00297 0 0 0 0 0 0 0 0 0 0 0 0 0 0 0 0 0 0
100 0.01 -0.003 -0.003 0 0 0 200 3.89681e-12 3.89681e-12 0 0 0 0.01 -0.003 -0.003 0 0 0 0 0 0 0 0 0 0 0 0 0 0 0 0 0 0
101 0.0101 -0.00303 -0.00303 0 0 0 202 3.94089e-12 3.94089e-12 0 0 0 0.0101 -0.00303 -0.00303 0 0 0 0 0 0 0 0 0 0 0 0 0 0 0 0 0 0
102 0.0102 -0.00306 -0.00306 0 0 0 204 4.47109e-14 4.47109e-14 0 0 0 0.0102 -0.00306 -0.00306 0 0 0 0 0 0 0 0 0 0 0 0 0 0 0 0 0 0
103 0.0103 -0.00309 -0.00309 0 0 0 206 -3.87235e-12 -3.87235e-12 0 0 0 0.0103 -0.00309 -0.00309 0 0 0 0 0 0 0 0 0 0 0 0 0 0 0 0 0 0
104 0.0104 -0.00312 -0.00312 0 0 0 208 -3.94646e-12 -3.94646e-12 0 0 0 0.0104 -0.00312 -0.00312 0 0 0 0 0 0 0 0 0 0 0 0 0 0 0 0 0 0
105 0.0105 -0.00315 -0.00315 0 0 0 210 -7.23234e-14 -7.23234e-14 0 0 0 0.0105 -0.00315 -0.00315 0 0 0 0 0 0 0 0 0 0 0 0 0 0 0 0 0 0
106 0.0106 -0.00318 -0.00318 0 0 0 212 3.88448e-12 3.88448e-12 0 0 0 0.0106 -0.00318 -0.00318 0 0 0 0 0 0 0 0 0 0 0 0 0 0 0 0 0 0
107 0.0107 -0.00321 -0.00321 0 0 0 214 3.96322e-12 3.96322e-12 0 0 0 0.0107 -0.00321 -0.00321 0 0 0 0 0 0 0 0 0 0 0 0 0 0 0 0 0 0
108 0.0108 -0.00324 -0.00324 0 0 0 216 4.57255e-14 4.57255e-14 0 0 0 0.0108 -0.00324 -0.00324 0 0 0 0 0 0 0 0 0 0 0 0 0 0 0 0 0 0
109 0.0109 -0.00327 -0.00327 0 0 0 218 -3.89933e-12 -3.89933e-12 0 0 0 0.0109 -0.00327 -0.00327 0 0 0 0 0 0 0 0 0 0 0 0 0 0 0 0 0 0
110 0.011 -0.0033 -0.0033 0 0 0 220 -3.93123e-12 -3.93123e-12 0 0 0 0.011 -0.0033 -0.0033 0 0 0 0 0 0 0 0 0 0 0 0 0 0 0 0 0 0
111 0.0111 -0.00333 -0.00333 0 0 0 222 -4.99926e-14 -4.99926e-14 0 0 0 0.0111 -0.00333 -0.00333 0 0 0 0 0 0 0 0 0 0 0 0 0 0 0 0 0 0
112 0.0112 -0.00336 -0.00336 0 0 0 224 3.87215e-12 3.87215e-12 0 0 0 0.0112 -0.00336 -0.00336 0 0 0 0 0 0 0 0 0 0 0 0 0 0 0 0 0 0
113 0.0113 -0.00339 -0.00339 0 0 0 226 3.92291e-12 3.92291e-12 0 0 0 0.0113 -0.00339 -0.00339 0 0 0 0 0 0 0 0 0 0 0 0 0 0 0 0 0 0
114 0.0114 -0.00342 -0.00342 0 0 0 228 6.13844e-14 6.13844e-14 0 0 0 0.0114 -0.00342 -0.00342 0 0 0 0 0 0 0 0 0 0 0 0 0 0 0 0 0 0
115 0.0115 -0.00345 -0.00345 0 0 0 230 -3.87743e-12 -3.87743e-12 0 0 0 0.0115 -0.00345 -0.00345 0 0 0 0 0 0 0 0 0 0 0 0 0 0 0 0 0 0
116 0.0116 -0.00348 -0.00348 0 0 0 232 -3.9018e-12 -3.9018e-12 0 0 0 0.0116 -0.00348 -0.00348 0 0 0 0 0 0 0 0 0 0 0 0 0 0 0 0 0 0
117 0.0117 -0.00351 -0.00351 0 0 0 234 -6.31888e-14 -6.31888e-14 0 0 0 0.0117 -0.00351 -0.00351 0 0 0 0 0 0 0 0 0 0 0 0 0 0 0 0 0 0
118 0.0118 -0.00354 -0.00354 0 0 0 236 3.85895e-12 3.85895e-12 0 0 0 0.0118 -0.00354 -0.00354 0 0 0 0 0 0 0 0 0 0 0 0 0 0 0 0 0 0
119 0.0119 -0.00357 -0.00357 0 0 0 238 3.91725e-12 3.91725e-12 0 0 0 0.0119 -0.00357 -0.00357 0 0 0 0 0 0 0 0 0 0 0 0 0 0 0 0 0 0
120 0.012 -0.0036 -0.0036 0 0 0 240 4.81881e-14 4.81881e-14 0 0 0 0.012 -0.0036 -0.0036 0 0 0 0 0 0 0 0 0 0 0 0 0 0 0 0 0 0
121 0.0121 -0.00363 -0.00363 0 0 0 242 -3.8551e-12 -3.8551e-12 0 0 0 0.0121 -0.00363 -0.00363 0 0 0 0 0 0 0 0 0 0 0 0 0 0 0 0 0 0
122 0.0122 -0.00366 -0.00366 0 0 0 244 -3.91456e-12 -3.91456e-12 0 0 0 0.0122 -0.00366 -0.00366 0 0 0 0 0 0 0 0 0 0 0 0 0 0 0 0 0 0
123 0.0123 -0.00369 -0.00369 0 0 0 246 -6.17408e-14 -6.17408e-14 0 0 0 0.0123 -0.00369 -0.00369 0 0 0 0 0 0 0 0 0 0 0 0 0 0 0 0 0 0
124 0.0124 -0.00372 -0.00372 0 0 0 248 3.8604e-12 3.8604e-12 0 0 0 0.0124 -0.00372 -0.00372 0 0 0 0 0 0 0 0 0 0 0 0 0 0 0 0 0 0
125 0.0125 -0.00375 -0.00375 0 0 0 250 3.93291e-12 3.93291e-12 0 0 0 0.0125 -0.00375 -0.00375 0 0 0 0 0 0 0 0 0 0 0 0 0 0 0 0 0 0
126 0.0126 -0.00378 -0.00378 0 0 0 252 4.29641e-14 4.29641e-14 0 0 0 0.0126 -0.00378 -0.00378 0 0 0 0 0 0 0 0 0 0 0 0 0 0 0 0 0 0
127 0.0127 -0.00381 -0.00381 0 0 0 254 -3.89542e-12 -3.89542e-12 0 0 0 0.0127 -0.00381 -0.00381 0 0 0 0 0 0 0 0 0 0 0 0 0 0 0 0 0 0
128 0.0128 -0.00384 -0.00384 0 0 0 256 -3.94821e-12 -3.94821e-12 0 0 0 0.0128 -0.00384 -0.00384 0 0 0 0 0 0 0 0 0 0 0 0 0 0 0 0 0 0
129 0.0129 -0.00387 -0.00387 0 0 0 258 -3.2738e-14 -3.2738e-14 0 0 0 0.0129 -0.00387 -0.00387 0 0 0 0 0 0 0 0 0 0 0 0 0 0 0 0 0 0
130 0.013 -0.0039 -0.0039 0 0 0 260 3.89607e-12 3.89607e-12 0 0 0 0.013 -0.0039 -0.0039 0 0 0 0 0 0 0 0 0 0 0 0 0 0 0 0 0 0
131 0.0131 -0.00393 -0.00393 0 0 0 262 3.96148e-12 3.96148e-12 0 0 0 0.0131 -0.00393 -0.00393 0 0 0 0 0 0 0 0 0 0 0 0 0 0 0 0 0 0
132 0.0132 -0.00396 -0.00396 0 0 0 264 7.8639e-14 7.8639e-14 0 0 0 0.0132 -0.00396 -0.00396 0 0 0 0 0 0 0 0 0 0 0 0 0 0 0 0 0 0
133 0.0133 -0.00399 -0.00399 0 0 0 266 -3.87352e-12 -3.87352e-12 0 0 0 0.0133 -0.00399 -0.00399 0 0 0 0 0 0 0 0 0 0 0 0 0 0 0 0 0 0
134 0.0134 -0.00402 -0.00402 0 0 0 268 -3.93298e-12 -3.93298e-12 0 0 0 0.0134 -0.00402 -0.00402 0 0 0 0 0 0 0 0 0 0 0 0 0 0 0 0 0 0
135 0.0135 -0.00405 -0.00405 0 0 0 270 -7.30557e-14 -7.30557e-14 0 0 0 0.0135 -0.00405 -0.00405 0 0 0 0 0 0 0 0 0 0 0 0 0 0 0 0 0 0
136 0.0136 -0.00408 -0.00408 0 0 0 272 3.84908e-12 3.84908e-12 0 0 0 0.0136 -0.00408 -0.00408 0 0 0 0 0 0 0 0 0 0 0 0 0 0 0 0 0 0
137 0.0137 -0.00411 -0.00411 0 0 0 274 3.92116e-12 3.92116e-12 0 0 0 0.0137 -0.00411 -0.00411 0 0 0 0 0 0 0 0 0 0 0 0 0 0 0 0 0 0
138 0.0138 -0.00414 -0.00414 0 0 0 276 6.58761e-14 6.58761e-14 0 0 0 0.0138 -0.00414 -0.00414 0 0 0 0 0 0 0 0 0 0 0 0 0 0 0 0 0 0
139 0.0139 -0.00417 -0.00417 0 0 0 278 -3.83741e-12 -3.83741e-12 0 0 0 0.0139 -0.00417 -0.00417 0 0 0 0 0 0 0 0 0 0 0 0 0 0 0 0 0 0
140 0.014 -0.0042 -0.0042 0 0 0 280 -3.93153e-12 -3.93153e-12 0 0 0 0.014 -0.0042 -0.0042 0 0 0 0 0 0 0 0 0 0 0 0 0 0 0 0 0 0
141 0.0141 -0.00423 -0.00423 0 0 0 282 -1.20479e-13 -1.20479e-13 0 0 0 0.0141 -0.00423 -0.00423 0 0 0 0 0 0 0 0 0 0 0 0 0 0 0 0 0 0
142 0.0142 -0.00426 -0.00426 0 0 0 284 3.82922e-12 3.82922e-12 0 0 0 0.0142 -0.00426 -0.00426 0 0 0 0 0 0 0 0 0 0 0 0 0 0 0 0 0 0
143 0.0143 -0.00429 -0.00429 0 0 0 286 3.97061e-12 3.97061e-12 0 0 0 0.0143 -0.00429 -0.00429 0 0 0 0 0 0 0 0 0 0 0 0 0 0 0 0 0 0
144 0.0144 -0.00432 -0.00432 0 0 0 288 1.49989e-13 1.49989e-13 0 0 0 0.0144 -0.00432 -0.00432 0 0 0 0 0 0 0 0 0 0 0 0 0 0 0 0 0 0
145 0.0145 -0.00435 -0.00435 0 0 0 290 -3.7942e-12 -3.7942e-12 0 0 0 0.0145 -0.00435 -0.00435 0 0 0 0 0 0 0 0 0 0 0 0 0 0 0 0 0 0
146 0.0146 -0.00438 -0.00438 0 0 0 292 -3.97185e-12 -3.97185e-12 0 0 0 0.0146 -0.00438 -0.00438 0 0 0 0 0 0 0 0 0 0 0 0 0 0 0 0 0 0
147 0.0147 -0.00441 -0.00441 0 0 0 294 -1.74141e-13 -1.74141e-13 0 0 0 0.0147 -0.00441 -0.00441 0 0 0 0 0 0 0 0 0 0 0 0 0 0 0 0 0 0
148 0.0148 -0.00444 -0.00444 0 0 0 296 3.78977e-12 3.78977e-12 0 0 0 0.0148 -0.00444 -0.00444 0 0 0 0 0 0 0 0 0 0 0 0 0 0 0 0 0 0
149 0.0149 -0.00447 -0.00447 0 0 0 298 3.97206e-12 3.97206e-12 0 0 0 0.0149 -0.00447 -0.00447 0 0 0 0 0 0 0 0 0 0 0 0 0 0 0 0 0 0
150 0.015 -0.0045 -0.0045 0 0 0 300 2.07413e-13 2.07413e-13 0 0 0 0.015 -0.0045 -0.0045 0 0 0 0 0 0 0 0 0 0 0 0 0 0 0 0 0 0
151 0.0151 -0.00453 -0.00453 0 0 0 302 -3.79275e-12 -3.79275e-12 0 0 0 0.0151 -0.00453 -0.00453 0 0 0 0 0 0 0 0 0 0 0 0 0 0 0 0 0 0
152 0.0152 -0.00456 -0.00456 0 0 0 304 -4.01217e-12 -4.01217e-12 0 0 0 0.0152 -0.00456 -0.00456 0 0 0 0 0 0 0 0 0 0 0 0 0 0 0 0 0 0
153 0.0153 -0.00459 -0.00459 0 0 0 306 -2.14458e-13 -2.14458e-13 0 0 0 0.0153 -0.00459 -0.00459 0 0 0 0 0 0 0 0 0 0 0 0 0 0 0 0 0 0
154 0.0154 -0.00462 -0.00462 0 0 0 308 3.79121e-12 3.79121e-12 0 0 0 0.0154 -0.00462 -0.00462 0 0 0 0 0 0 0 0 0 0 0 0 0 0 0 0 0 0
155 0.0155 -0.00465 -0.00465 0 0 0 310 4.00106e-12 4.00106e-12 0 0 0 0.0155 -0.00465 -0.00465 0 0 0 0 0 0 0 0 0 0 0 0 0 0 0 0 0 0
156 0.0156 -0.00468 -0.00468 0 0 0 312 2.07995e-13 2.07995e-13 0 0 0 0.0156 -0.00468 -0.00468 0 0 0 0 0 0 0 0 0 0 0 0 0 0 0 0 0 0
157 0.0157 -0.00471 -0.00471 0 0 0 314 -3.8348e-12 -3.8348e-12 0 0 0 0.0157 -0.00471 -0.00471 0 0 0 0 0 0 0 0 0 0 0 0 0 0 0 0 0 0
158 0.0158 -0.00474 -0.00474 0 0 0 316 -3.99824e-12 -3.99824e-12 0 0 0 0.0158 -0.00474 -0.00474 0 0 0 0 0 0 0 0 0 0 0 0 0 0 0 0 0 0
159 0.0159 -0.00477 -0.00477 0 0 0 318 -1.58767e-13 -1.58767e-13 0 0 0 0.0159 -0.00477 -0.00477 0 0 0 0 0 0 0 0 0 0 0 0 0 0 0 0 0 0
160 0.016 -0.0048 -0.0048 0 0 0 320 3.80427e-12 3.80427e-12 0 0 0 0.016 -0.0048 -0.0048 0 0 0 0 0 0 0 0 0 0 0 0 0 0 0 0 0 0
161 0.0161 -0.00483 -0.00483 0 0 0 322 4.00164e-12 4.00164e-12 0 0 0 0.0161 -0.00483 -0.00483 0 0 0 0 0 0 0 0 0 0 0 0 0 0 0 0 0 0
162 0.0162 -0.00486 -0.00486 0 0 0 324 1.95232e-13 1.95232e-13 0 0 0 0.0162 -0.00486 -0.00486 0 0 0 0 0 0 0 0 0 0 0 0 0 0 0 0 0 0
163 0.0163 -0.00489 -0.00489 0 0 0 326 -3.81914e-12 -3.81914e-12 0 0 0 0.0163 -0.00489 -0.00489 0 0 0 0 0 0 0 0 0 0 0 0 0 0 0 0 0 0
164 0.0164 -0.00492 -0.00492 0 0 0 328 -4.03856e-12 -4.03856e-12 0 0 0 0.0164 -0.00492 -0.00492 0 0 0 0 0 0 0 0 0 0 0 0 0 0 0 0 0 0
165 0.0165 -0.00495 -0.00495 0 0 0 330 -1.99085e-13 -1.99085e-13 0 0 0 0.0165 -0.00495 -0.00495 0 0 0 0 0 0 0 0 0 0 0 0 0 0 0 0 0 0
166 0.0166 -0.00498 -0.00498 0 0 0 332 3.80572e-12 3.80572e-12 0 0 0 0.0166 -0.00498 -0.00498 0 0 0 0 0 0 0 0 0 0 0 0 0 0 0 0 0 0
167 0.0167 -0.00501 -0.00501 0 0 0 334 4.03065e-12 4.03065e-12 0 0 0 0.0167 -0.00501 -0.00501 0 0 0 0 0 0 0 0 0 0 0 0 0 0 0 0 0 0
168 0.0168 -0.00504 -0.00504 0 0 0 336 2.24235e-13 2.24235e-13 0 0 0 0.0168 -0.00504 -0.00504 0 0 0 0 0 0 0 0 0 0 0 0 0 0 0 0 0 0
169 0.0169 -0.00507 -0.00507 0 0 0 338 -3.81769e-12 -3.81769e-12 0 0 0 0.0169 -0.00507 -0.00507 0 0 0 0 0 0 0 0 0 0 0 0 0 0 0 0 0 0
170 0.017 -0.0051 -0.0051 0 0 0 340 -4.07888e-12 -4.07888e-12 0 0 0 0.017 -0.0051 -0.0051 0 0 0 0 0 0 0 0 0 0 0 0 0 0 0 0 0 0
171 0.0171 -0.00513 -0.00513 0 0 0 342 -2.39403e-13 -2.39403e-13 0 0 0 0.0171 -0.00513 -0.00513 0 0 0 0 0 0 0 0 0 0 0 0 0 0 0 0 0 0
172 0.0172 -0.00516 -0.00516 0 0 0 344 3.80717e-12 3.80717e-12 0 0 0 0.0172 -0.00516 -0.00516 0 0 0 0 0 0 0 0 0 0 0 0 0 0 0 0 0 0
173 0.0173 -0.00519 -0.00519 0 0 0 346 4.05965e-12 4.05965e-12 0 0 0 0.0173 -0.00519 -0.00519 0 0 0 0 0 0 0 0 0 0 0 0 0 0 0 0 0 0
174 0.0174 -0.00522 -0.00522 0 0 0 348 2.66581e-13 2.66581e-13 0 0 0 0.0174 -0.00522 -0.00522 0 0 0 0 0 0 0 0 0 0 0 0 0 0 0 0 0 0
175 0.0175 -0.00525 -0.00525 0 0 0 350 -3.77535e-12 -3.77535e-12 0 0 0 0.0175 -0.00525 -0.00525 0 0 0 0 0 0 0 0 0 0 0 0 0 0 0 0 0 0
176 0.0176 -0.00528 -0.00528 0 0 0 352 -4.04988e-12 -4.04988e-12 0 0 0 0.0176 -0.00528 -0.00528 0 0 0 0 0 0 0 0 0 0 0 0 0 0 0 0 0 0
177 0.0177 -0.00531 -0.00531 0 0 0 354 -2.79721e-13 -2.79721e-13 0 0 0 0.0177 -0.00531 -0.00531 0 0 0 0 0 0 0 0 0 0 0 0 0 0 0 0 0 0
178 0.0178 -0.00534 -0.00534 0 0 0 356 3.72508e-12 3.72508e-12 0 0 0 0.0178 -0.00534 -0.00534 0 0 0 0 0 0 0 0 0 0 0 0 0 0 0 0 0 0
179 0.0179 -0.00537 -0.00537 0 0 0 358 4.01933e-12 4.01933e-12 0 0 0 0.0179 -0.00537 -0.00537 0 0 0 0 0 0 0 0 0 0 0 0 0 0 0 0 0 0
180 0.018 -0.0054 -0.0054 0 0 0 360 3.09795e-13 3.09795e-13 0 0 0 0.018 -0.0054 -0.0054 0 0 0 0 0 0 0 0 0 0 0 0 0 0 0 0 0 0
181 0.0181 -0.00543 -0.00543 0 0 0 362 -3.71879e-12 -3.71879e-12 0 0 0 0.0181 -0.00543 -0.00543 0 0 0 0 0 0 0 0 0 0 0 0 0 0 0 0 0 0
182 0.0182 -0.00546 -0.00546 0 0 0 364 -4.02087e-12 -4.02087e-12 0 0 0 0.0182 -0.00546 -0.00546 0 0 0 0 0 0 0 0 0 0 0 0 0 0 0 0 0 0
183 0.0183 -0.00549 -0.00549 0 0 0 366 -3.06694e-13 -3.06694e-13 0 0 0 0.0183 -0.00549 -0.00549 0 0 0 0 0 0 0 0 0 0 0 0 0 0 0 0 0 0
184 0.0184 -0.00552 -0.00552 0 0 0 368 3.72653e-12 3.72653e-12 0 0 0 0.0184 -0.00552 -0.00552 0 0 0 0 0 0 0 0 0 0 0 0 0 0 0 0 0 0
185 0.0185 -0.00555 -0.00555 0 0 0 370 4.00657e-12 4.00657e-12 0 0 0 0.0185 -0.00555 -0.00555 0 0 0 0 0 0 0 0 0 0 0 0 0 0 0 0 0 0
186 0.0186 -0.00558 -0.00558 0 0 0 372 2.97032e-13 2.97032e-13 0 0 0 0.0186 -0.00558 -0.00558 0 0 0 0 0 0 0 0 0 0 0 0 0 0 0 0 0 0
187 0.0187 -0.00561 -0.00561 0 0 0 374 -3.71734e-12 -3.71734e-12 0 0 0 0.0187 -0.00561 -0.00561 0 0 0 0 0 0 0 0 0 0 0 0 0 0 0 0 0 0
188 0.0188 -0.00564 -0.00564 0 0 0 376 -4.01943e-12 -4.01943e-12 0 0 0 0.0188 -0.00564 -0.00564 0 0 0 0 0 0 0 0 0 0 0 0 0 0 0 0 0 0
189 0.0189 -0.00567 -0.00567 0 0 0 378 -3.47012e-13 -3.47012e-13 0 0 0 0.0189 -0.00567 -0.00567 0 0 0 0 0 0 0 0 0 0 0 0 0 0 0 0 0 0
190 0.019 -0.0057 -0.0057 0 0 0 380 3.68621e-12 3.68621e-12 0 0 0 0.019 -0.0057 -0.0057 0 0 0 0 0 0 0 0 0 0 0 0 0 0 0 0 0 0
191 0.0191 -0.00573 -0.00573 0 0 0 382 4.00802e-12 4.00802e-12 0 0 0 0.0191 -0.00573 -0.00573 0 0 0 0 0 0 0 0 0 0 0 0 0 0 0 0 0 0
192 0.0192 -0.00576 -0.00576 0 0 0 384 3.26035e-13 3.26035e-13 0 0 0 0.0192 -0.00576 -0.00576 0 0 0 0 0 0 0 0 0 0 0 0 0 0 0 0 0 0
193 0.0193 -0.00579 -0.00579 0 0 0 386 -3.68834e-12 -3.68834e-12 0 0 0 0.0193 -0.00579 -0.00579 0 0 0 0 0 0 0 0 0 0 0 0 0 0 0 0 0 0
194 0.0194 -0.00582 -0.00582 0 0 0 388 -4.01884e-12 -4.01884e-12 0 0 0 0.0194 -0.00582 -0.00582 0 0 0 0 0 0 0 0 0 0 0 0 0 0 0 0 0 0
195 0.0195 -0.00585 -0.00585 0 0 0 390 -3.18009e-13 -3.18009e-13 0 0 0 0.0195 -0.00585 -0.00585 0 0 0 0 0 0 0 0 0 0 0 0 0 0 0 0 0 0
196 0.0196 -0.00588 -0.00588 0 0 0 392 3.70274e-12 3.70274e-12 0 0 0 0.0196 -0.00588 -0.00588 0 0 0 0 0 0 0 0 0 0 0 0 0 0 0 0 0 0
197 0.0197 -0.00591 -0.00591 0 0 0 394 3.9677e-12 3.9677e-12 0 0 0 0.0197 -0.00591 -0.00591 0 0 0 0 0 0 0 0 0 0 0 0 0 0 0 0 0 0
198 0.0198 -0.00594 -0.00594 0 0 0 396 2.85717e-13 2.85717e-13 0 0 0 0.0198 -0.00594 -0.00594 0 0 0 0 0 0 0 0 0 0 0 0 0 0 0 0 0 0
199 0.0199 -0.00597 -0.00597 0 0 0 398 -3.71531e-12 -3.71531e-12 0 0 0 0.0199 -0.00597 -0.00597 0 0 0 0 0 0 0 0 0 0 0 0 0 0 0 0 0 0
200 0.02 -0.006 -0.006 0 0 0 400 -3.96142e-12 -3.96142e-12 0 0 0 0.02 -0.006 -0.006 0 0 0 0 0 0 0 0 0 0 0 0 0 0 0 0 0 0
201 0.0201 -0.00603 -0.00603 0 0 0 402 -2.89006e-13 -2.89006e-13 0 0 0 0.0201 -0.00603 -0.00603 0 0 0 0 0 0 0 0 0 0 0 0 0 0 0 0 0 0
202 0.0202 -0.00606 -0.00606 0 0 0 404 3.67577e-12 3.67577e-12 0 0 0 0.0202 -0.00606 -0.00606 0 0 0 0 0 0 0 0 0 0 0 0 0 0 0 0 0 0
203 0.0203 -0.00609 -0.00609 0 0 0 406 3.98336e-12 3.98336e-12 0 0 0 0.0203 -0.00609 -0.00609 0 0 0 0 0 0 0 0 0 0 0 0 0 0 0 0 0 0
204 0.0204 -0.00612 -0.00612 0 0 0 408 3.01376e-13 3.01376e-13 0 0 0 0.0204 -0.00612 -0.00612 0 0 0 0 0 0 0 0 0 0 0 0 0 0 0 0 0 0
205 0.0205 -0.00615 -0.00615 0 0 0 410 -3.71386e-12 -3.71386e-12 0 0 0 0.0205 -0.00615 -0.00615 0 0 0 0 0 0 0 0 0 0 0 0 0 0 0 0 0 0
206 0.0206 -0.00618 -0.00618 0 0 0 412 -3.98839e-12 -3.98839e-12 0 0 0 0.0206 -0.00618 -0.00618 0 0 0 0 0 0 0 0 0 0 0 0 0 0 0 0 0 0
207 0.0207 -0.00621 -0.00621 0 0 0 414 -2.60004e-13 -2.60004e-13 0 0 0 0.0207 -0.00621 -0.00621 0 0 0 0 0 0 0 0 0 0 0 0 0 0 0 0 0 0
208 0.0208 -0.00624 -0.00624 0 0 0 416 3.74654e-12 3.74654e-12 0 0 0 0.0208 -0.00624 -0.00624 0 0 0 0 0 0 0 0 0 0 0 0 0 0 0 0 0 0
209 0.0209 -0.00627 -0.00627 0 0 0 418 3.96973e-12 3.96973e-12 0 0 0 0.0209 -0.00627 -0.00627 0 0 0 0 0 0 0 0 0 0 0 0 0 0 0 0 0 0
210 0.021 -0.0063 -0.0063 0 0 0 420 2.74403e-13 2.74403e-13 0 0 0 0.021 -0.0063 -0.0063 0 0 0 0 0 0 0 0 0 0 0 0 0 0 0 0 0 0
211 0.0211 -0.00633 -0.00633 0 0 0 422 -3.69821e-12 -3.69821e-12 0 0 0 0.0211 -0.00633 -0.00633 0 0 0 0 0 0 0 0 0 0 0 0 0 0 0 0 0 0
212 0.0212 -0.00636 -0.00636 0 0 0 424 -4.01537e-12 -4.01537e-12 0 0 0 0.0212 -0.00636 -0.00636 0 0 0 0 0 0 0 0 0 0 0 0 0 0 0 0 0 0
213 0.0213 -0.00639 -0.00639 0 0 0 426 -2.58556e-13 -2.58556e-13 0 0 0 0.0213 -0.00639 -0.00639 0 0 0 0 0 0 0 0 0 0 0 0 0 0 0 0 0 0
214 0.0214 -0.00642 -0.00642 0 0 0 428 3.71956e-12 3.71956e-12 0 0 0 0.0214 -0.00642 -0.00642 0 0 0 0 0 0 0 0 0 0 0 0 0 0 0 0 0 0
215 0.0215 -0.00645 -0.00645 0 0 0 430 4.02715e-12 4.02715e-12 0 0 0 0.0215 -0.00645 -0.00645 0 0 0 0 0 0 0 0 0 0 0 0 0 0 0 0 0 0
216 0.0216 -0.00648 -0.00648 0 0 0 432 2.47429e-13 2.47429e-13 0 0 0 0.0216 -0.00648 -0.00648 0 0 0 0 0 0 0 0 0 0 0 0 0 0 0 0 0 0
217 0.0217 -0.00651 -0.00651 0 0 0 434 -3.72518e-12 -3.72518e-12 0 0 0 0.0217 -0.00651 -0.00651 0 0 0 0 0 0 0 0 0 0 0 0 0 0 0 0 0 0
218 0.0218 -0.00654 -0.00654 0 0 0 436 -3.94373e-12 -3.94373e-12 0 0 0 0.0218 -0.00654 -0.00654 0 0 0 0 0 0 0 0 0 0 0 0 0 0 0 0 0 0
219 0.0219 -0.00657 -0.00657 0 0 0 438 -2.85529e-13 -2.85529e-13 0 0 0 0.0219 -0.00657 -0.00657 0 0 0 0 0 0 0 0 0 0 0 0 0 0 0 0 0 0
220 0.022 -0.0066 -0.0066 0 0 0 440 3.67924e-12 3.67924e-12 0 0 0 0.022 -0.0066 -0.0066 0 0 0 0 0 0 0 0 0 0 0 0 0 0 0 0 0 0
221 0.0221 -0.00663 -0.00663 0 0 0 442 3.98684e-12 3.98684e-12 0 0 0 0.0221 -0.00663 -0.00663 0 0 0 0 0 0 0 0 0 0 0 0 0 0 0 0 0 0
222 0.0222 -0.00666 -0.00666 0 0 0 444 2.48877e-13 2.48877e-13 0 0 0 0.0222 -0.00666 -0.00666 0 0 0 0 0 0 0 0 0 0 0 0 0 0 0 0 0 0
223 0.0223 -0.00669 -0.00669 0 0 0 446 -3.69618e-12 -3.69618e-12 0 0 0 0.0223 -0.00669 -0.00669 0 0 0 0 0 0 0 0 0 0 0 0 0 0 0 0 0 0
224 0.0224 -0.00672 -0.00672 0 0 0 448 -3.95736e-12 -3.95736e-12 0 0 0 0.0224 -0.00672 -0.00672 0 0 0 0 0 0 0 0 0 0 0 0 0 0 0 0 0 0
225 0.0225 -0.00675 -0.00675 0 0 0 450 -2.0055e-13 -2.0055e-13 0 0 0 0.0225 -0.00675 -0.00675 0 0 0 0 0 0 0 0 0 0 0 0 0 0 0 0 0 0
226 0.0226 -0.00678 -0.00678 0 0 0 452 3.73667e-12 3.73667e-12 0 0 0 0.0226 -0.00678 -0.00678 0 0 0 0 0 0 0 0 0 0 0 0 0 0 0 0 0 0
227 0.0227 -0.00681 -0.00681 0 0 0 454 3.87633e-12 3.87633e-12 0 0 0 0.0227 -0.00681 -0.00681 0 0 0 0 0 0 0 0 0 0 0 0 0 0 0 0 0 0
228 0.0228 -0.00684 -0.00684 0 0 0 456 1.94348e-13 1.94348e-13 0 0 0 0.0228 -0.00684 -0.00684 0 0 0 0 0 0 0 0 0 0 0 0 0 0 0 0 0 0
229 0.0229 -0.00687 -0.00687 0 0 0 458 -3.66717e-12 -3.66717e-12 0 0 0 0.0229 -0.00687 -0.00687 0 0 0 0 0 0 0 0 0 0 0 0 0 0 0 0 0 0
230 0.023 -0.0069 -0.0069 0 0 0 460 -3.88659e-12 -3.88659e-12 0 0 0 0.023 -0.0069 -0.0069 0 0 0 0 0 0 0 0 0 0 0 0 0 0 0 0 0 0
231 0.0231 -0.00693 -0.00693 0 0 0 462 -1.98235e-13 -1.98235e-13 0 0 0 0.0231 -0.00693 -0.00693 0 0 0 0 0 0 0 0 0 0 0 0 0 0 0 0 0 0
232 0.0232 -0.00696 -0.00696 0 0 0 464 3.61195e-12 3.61195e-12 0 0 0 0.0232 -0.00696 -0.00696 0 0 0 0 0 0 0 0 0 0 0 0 0 0 0 0 0 0
233 0.0233 -0.00699 -0.00699 0 0 0 466 3.9062e-12 3.9062e-12 0 0 0 0.0233 -0.00699 -0.00699 0 0 0 0 0 0 0 0 0 0 0 0 0 0 0 0 0 0
234 0.0234 -0.00702 -0.00702 0 0 0 468 2.37562e-13 2.37562e-13 0 0 0 0.0234 -0.00702 -0.00702 0 0 0 0 0 0 0 0 0 0 0 0 0 0 0 0 0 0
235 0.0235 -0.00705 -0.00705 0 0 0 470 -3.62396e-12 -3.62396e-12 0 0 0 0.0235 -0.00705 -0.00705 0 0 0 0 0 0 0 0 0 0 0 0 0 0 0 0 0 0
236 0.0236 -0.00708 -0.00708 0 0 0 472 -3.91357e-12 -3.91357e-12 0 0 0 0.0236 -0.00708 -0.00708 0 0 0 0 0 0 0 0 0 0 0 0 0 0 0 0 0 0
237 0.0237 -0.00711 -0.00711 0 0 0 474 -2.25209e-13 -2.25209e-13 0 0 0 0.0237 -0.00711 -0.00711 0 0 0 0 0 0 0 0 0 0 0 0 0 0 0 0 0 0
238 0.0238 -0.00714 -0.00714 0 0 0 476 3.68359e-12 3.68359e-12 0 0 0 0.0238 -0.00714 -0.00714 0 0 0 0 0 0 0 0 0 0 0 0 0 0 0 0 0 0
239 0.0239 -0.00717 -0.00717 0 0 0 478 3.87923e-12 3.87923e-12 0 0 0 0.0239 -0.00717 -0.00717 0 0 0 0 0 0 0 0 0 0 0 0 0 0 0 0 0 0
240 0.024 -0.0072 -0.0072 0 0 0 480 2.10588e-13 2.10588e-13 0 0 0 0.024 -0.0072 -0.0072 0 0 0 0 0 0 0 0 0 0 0 0 0 0 0 0 0 0
241 0.0241 -0.00723 -0.00723 0 0 0 482 -3.60917e-12 -3.60917e-12 0 0 0 0.0241 -0.00723 -0.00723 0 0 0 0 0 0 0 0 0 0 0 0 0 0 0 0 0 0
242 0.0242 -0.00726 -0.00726 0 0 0 484 -3.84193e-12 -3.84193e-12 0 0 0 0.0242 -0.00726 -0.00726 0 0 0 0 0 0 0 0 0 0 0 0 0 0 0 0 0 0
243 0.0243 -0.00729 -0.00729 0 0 0 486 -2.65526e-13 -2.65526e-13 0 0 0 0.0243 -0.00729 -0.00729 0 0 0 0 0 0 0 0 0 0 0 0 0 0 0 0 0 0
244 0.0244 -0.00732 -0.00732 0 0 0 488 3.61572e-12 3.61572e-12 0 0 0 0.0244 -0.00732 -0.00732 0 0 0 0 0 0 0 0 0 0 0 0 0 0 0 0 0 0
245 0.0245 -0.00735 -0.00735 0 0 0 490 3.83891e-12 3.83891e-12 0 0 0 0.0245 -0.00735 -0.00735 0 0 0 0 0 0 0 0 0 0 0 0 0 0 0 0 0 0
246 0.0246 -0.00738 -0.00738 0 0 0 492 2.82224e-13 2.82224e-13 0 0 0 0.0246 -0.00738 -0.00738 0 0 0 0 0 0 0 0 0 0 0 0 0 0 0 0 0 0
247 0.0247 -0.00741 -0.00741 0 0 0 494 -3.60859e-12 -3.60859e-12 0 0 0 0.0247 -0.00741 -0.00741 0 0 0 0 0 0 0 0 0 0 0 0 0 0 0 0 0 0
248 0.0248 -0.00744 -0.00744 0 0 0 496 -3.85556e-12 -3.85556e-12 0 0 0 0.0248 -0.00744 -0.00744 0 0 0 0 0 0 0 0 0 0 0 0 0 0 0 0 0 0
249 0.0249 -0.00747 -0.00747 0 0 0 498 -2.22313e-13 -2.22313e-13 0 0 0 0.0249 -0.00747 -0.00747 0 0 0 0 0 0 0 0 0 0 0 0 0 0 0 0 0 0
250 0.025 -0.0075 -0.0075 0 0 0 500 3.60295e-12 3.60295e-12 0 0 0 0.025 -0.0075 -0.0075 0 0 0 0 0 0 0 0 0 0 0 0 0 0 0 0 0 0
251 0.0251 -0.00753 -0.00753 0 0 0 502 3.79859e-12 3.79859e-12 0 0 0 0.0251 -0.00753 -0.00753 0 0 0 0 0 0 0 0 0 0 0 0 0 0 0 0 0 0
252 0.0252 -0.00756 -0.00756 0 0 0 504 2.41906e-13 2.41906e-13 0 0 0 0.0252 -0.00756 -0.00756 0 0 0 0 0 0 0 0 0 0 0 0 0 0 0 0 0 0
253 0.0253 -0.00759 -0.00759 0 0 0 506 -3.57872e-12 -3.57872e-12 0 0 0 0.0253 -0.00759 -0.00759 0 0 0 0 0 0 0 0 0 0 0 0 0 0 0 0 0 0
254 0.0254 -0.00762 -0.00762 0 0 0 508 -3.86832e-12 -3.86832e-12 0 0 0 0.0254 -0.00762 -0.00762 0 0 0 0 0 0 0 0 0 0 0 0 0 0 0 0 0 0
255 0.0255 -0.00765 -0.00765 0 0 0 510 -2.07521e-13 -2.07521e-13 0 0 0 0.0255 -0.00765 -0.00765 0 0 0 0 0 0 0 0 0 0 0 0 0 0 0 0 0 0
256 0.0256 -0.00768 -0.00768 0 0 0 512 3.58932e-12 3.58932e-12 0 0 0 0.0256 -0.00768 -0.00768 0 0 0 0 0 0 0 0 0 0 0 0 0 0 0 0 0 0
257 0.0257 -0.00771 -0.00771 0 0 0 514 3.85602e-12 3.85602e-12 0 0 0 0.0257 -0.00771 -0.00771 0 0 0 0 0 0 0 0 0 0 0 0 0 0 0 0 0 0
258 0.0258 -0.00774 -0.00774 0 0 0 516 2.01588e-13 2.01588e-13 0 0 0 0.0258 -0.00774 -0.00774 0 0 0 0 0 0 0 0 0 0 0 0 0 0 0 0 0 0
259 0.0259 -0.00777 -0.00777 0 0 0 518 -3.68922e-12 -3.68922e-12 0 0 0 0.0259 -0.00777 -0.00777 0 0 0 0 0 0 0 0 0 0 0 0 0 0 0 0 0 0
260 0.026 -0.0078 -0.0078 0 0 0 520 -3.82338e-12 -3.82338e-12 0 0 0 0.026 -0.0078 -0.0078 0 0 0 0 0 0 0 0 0 0 0 0 0 0 0 0 0 0
261 0.0261 -0.00783 -0.00783 0 0 0 522 -2.47838e-13 -2.47838e-13 0 0 0 0.0261 -0.00783 -0.00783 0 0 0 0 0 0 0 0 0 0 0 0 0 0 0 0 0 0
262 0.0262 -0.00786 -0.00786 0 0 0 524 3.57656e-12 3.57656e-12 0 0 0 0.0262 -0.00786 -0.00786 0 0 0 0 0 0 0 0 0 0 0 0 0 0 0 0 0 0
263 0.0263 -0.00789 -0.00789 0 0 0 526 3.8566e-12 3.8566e-12 0 0 0 0.0263 -0.00789 -0.00789 0 0 0 0 0 0 0 0 0 0 0 0 0 0 0 0 0 0
264 0.0264 -0.00792 -0.00792 0 0 0 528 2.15513e-13 2.15513e-13 0 0 0 0.0264 -0.00792 -0.00792 0 0 0 0 0 0 0 0 0 0 0 0 0 0 0 0 0 0
265 0.0265 -0.00795 -0.00795 0 0 0 530 -3.56248e-12 -3.56248e-12 0 0 0 0.0265 -0.00795 -0.00795 0 0 0 0 0 0 0 0 0 0 0 0 0 0 0 0 0 0
266 0.0266 -0.00798 -0.00798 0 0 0 532 -3.82279e-12 -3.82279e-12 0 0 0 0.0266 -0.00798 -0.00798 0 0 0 0 0 0 0 0 0 0 0 0 0 0 0 0 0 0
267 0.0267 -0.00801 -0.00801 0 0 0 534 -2.47257e-13 -2.47257e-13 0 0 0 0.0267 -0.00801 -0.00801 0 0 0 0 0 0 0 0 0 0 0 0 0 0 0 0 0 0
268 0.0268 -0.00804 -0.00804 0 0 0 536 3.63398e-12 3.63398e-12 0 0 0 0.0268 -0.00804 -0.00804 0 0 0 0 0 0 0 0 0 0 0 0 0 0 0 0 0 0
269 0.0269 -0.00807 -0.00807 0 0 0 538 3.85718e-12 3.85718e-12 0 0 0 0.0269 -0.00807 -0.00807 0 0 0 0 0 0 0 0 0 0 0 0 0 0 0 0 0 0
270 0.027 -0.0081 -0.0081 0 0 0 540 2.58727e-13 2.58727e-13 0 0 0 0.027 -0.0081 -0.0081 0 0 0 0 0 0 0 0 0 0 0 0 0 0 0 0 0 0
271 0.0271 -0.00813 -0.00813 0 0 0 542 -3.6028e-12 -3.6028e-12 0 0 0 0.0271 -0.00813 -0.00813 0 0 0 0 0 0 0 0 0 0 0 0 0 0 0 0 0 0
272 0.0272 -0.00816 -0.00816 0 0 0 544 -3.90401e-12 -3.90401e-12 0 0 0 0.0272 -0.00816 -0.00816 0 0 0 0 0 0 0 0 0 0 0 0 0 0 0 0 0 0
273 0.0273 -0.00819 -0.00819 0 0 0 546 -3.28474e-13 -3.28474e-13 0 0 0 0.0273 -0.00819 -0.00819 0 0 0 0 0 0 0 0 0 0 0 0 0 0 0 0 0 0
274 0.0274 -0.00822 -0.00822 0 0 0 548 3.59367e-12 3.59367e-12 0 0 0 0.0274 -0.00822 -0.00822 0 0 0 0 0 0 0 0 0 0 0 0 0 0 0 0 0 0
275 0.0275 -0.00825 -0.00825 0 0 0 550 3.9146e-12 3.9146e-12 0 0 0 0.0275 -0.00825 -0.00825 0 0 0 0 0 0 0 0 0 0 0 0 0 0 0 0 0 0
276 0.0276 -0.00828 -0.00828 0 0 0 552 3.16152e-13 3.16152e-13 0 0 0 0.0276 -0.00828 -0.00828 0 0 0 0 0 0 0 0 0 0 0 0 0 0 0 0 0 0
277 0.0277 -0.00831 -0.00831 0 0 0 554 -3.64311e-12 -3.64311e-12 0 0 0 0.0277 -0.00831 -0.00831 0 0 0 0 0 0 0 0 0 0 0 0 0 0 0 0 0 0
278 0.0278 -0.00834 -0.00834 0 0 0 556 -3.94433e-12 -3.94433e-12 0 0 0 0.0278 -0.00834 -0.00834 0 0 0 0 0 0 0 0 0 0 0 0 0 0 0 0 0 0
279 0.0279 -0.00837 -0.00837 0 0 0 558 -3.42104e-13 -3.42104e-13 0 0 0 0.0279 -0.00837 -0.00837 0 0 0 0 0 0 0 0 0 0 0 0 0 0 0 0 0 0
280 0.028 -0.0084 -0.0084 0 0 0 560 3.67778e-12 3.67778e-12 0 0 0 0.028 -0.0084 -0.0084 0 0 0 0 0 0 0 0 0 0 0 0 0 0 0 0 0 0
281 0.0281 -0.00843 -0.00843 0 0 0 562 4.01293e-12 4.01293e-12 0 0 0 0.0281 -0.00843 -0.00843 0 0 0 0 0 0 0 0 0 0 0 0 0 0 0 0 0 0
282 0.0282 -0.00846 -0.00846 0 0 0 564 3.30944e-13 3.30944e-13 0 0 0 0.0282 -0.00846 -0.00846 0 0 0 0 0 0 0 0 0 0 0 0 0 0 0 0 0 0
283 0.0283 -0.00849 -0.00849 0 0 0 566 -3.68343e-12 -3.68343e-12 0 0 0 0.0283 -0.00849 -0.00849 0 0 0 0 0 0 0 0 0 0 0 0 0 0 0 0 0 0
284 0.0284 -0.00852 -0.00852 0 0 0 568 -3.98465e-12 -3.98465e-12 0 0 0 0.0284 -0.00852 -0.00852 0 0 0 0 0 0 0 0 0 0 0 0 0 0 0 0 0 0
285 0.0285 -0.00855 -0.00855 0 0 0 570 -3.82421e-13 -3.82421e-13 0 0 0 0.0285 -0.00855 -0.00855 0 0 0 0 0 0 0 0 0 0 0 0 0 0 0 0 0 0
286 0.0286 -0.00858 -0.00858 0 0 0 572 3.69257e-12 3.69257e-12 0 0 0 0.0286 -0.00858 -0.00858 0 0 0 0 0 0 0 0 0 0 0 0 0 0 0 0 0 0
287 0.0287 -0.00861 -0.00861 0 0 0 574 4.08283e-12 4.08283e-12 0 0 0 0.0287 -0.00861 -0.00861 0 0 0 0 0 0 0 0 0 0 0 0 0 0 0 0 0 0
288 0.0288 -0.00864 -0.00864 0 0 0 576 4.00846e-13 4.00846e-13 0 0 0 0.0288 -0.00864 -0.00864 0 0 0 0 0 0 0 0 0 0 0 0 0 0 0 0 0 0
289 0.0289 -0.00867 -0.00867 0 0 0 578 -3.72375e-12 -3.72375e-12 0 0 0 0.0289 -0.00867 -0.00867 0 0 0 0 0 0 0 0 0 0 0 0 0 0 0 0 0 0
290 0.029 -0.0087 -0.0087 0 0 0 580 -4.1085e-12 -4.1085e-12 0 0 0 0.029 -0.0087 -0.0087 0 0 0 0 0 0 0 0 0 0 0 0 0 0 0 0 0 0
291 0.0291 -0.00873 -0.00873 0 0 0 582 -4.22739e-13 -4.22739e-13 0 0 0 0.0291 -0.00873 -0.00873 0 0 0 0 0 0 0 0 0 0 0 0 0 0 0 0 0 0
292 0.0292 -0.00876 -0.00876 0 0 0 584 3.73578e-12 3.73578e-12 0 0 0 0.0292 -0.00876 -0.00876 0 0 0 0 0 0 0 0 0 0 0 0 0 0 0 0 0 0
293 0.0293 -0.00879 -0.00879 0 0 0 586 4.15446e-12 4.15446e-12 0 0 0 0.0293 -0.00879 -0.00879 0 0 0 0 0 0 0 0 0 0 0 0 0 0 0 0 0 0
294 0.0294 -0.00882 -0.00882 0 0 0 588 3.60528e-13 3.60528e-13 0 0 0 0.0294 -0.00882 -0.00882 0 0 0 0 0 0 0 0 0 0 0 0 0 0 0 0 0 0
295 0.0295 -0.00885 -0.00885 0 0 0 590 -3.76407e-12 -3.76407e-12 0 0 0 0.0295 -0.00885 -0.00885 0 0 0 0 0 0 0 0 0 0 0 0 0 0 0 0 0 0
296 0.0296 -0.00888 -0.00888 0 0 0 592 -4.06528e-12 -4.06528e-12 0 0 0 0.0296 -0.00888 -0.00888 0 0 0 0 0 0 0 0 0 0 0 0 0 0 0 0 0 0
297 0.0297 -0.00891 -0.00891 0 0 0 594 -3.51104e-13 -3.51104e-13 0 0 0 0.0297 -0.00891 -0.00891 0 0 0 0 0 0 0 0 0 0 0 0 0 0 0 0 0 0
298 0.0298 -0.00894 -0.00894 0 0 0 596 3.69547e-12 3.69547e-12 0 0 0 0.0298 -0.00894 -0.00894 0 0 0 0 0 0 0 0 0 0 0 0 0 0 0 0 0 0
299 0.0299 -0.00897 -0.00897 0 0 0 598 4.11415e-12 4.11415e-12 0 0 0 0.0299 -0.00897 -0.00897 0 0 0 0 0 0 0 0 0 0 0 0 0 0 0 0 0 0
300 0.03 -0.009 -0.009 0 0 0 600 3.2021e-13 3.2021e-13 0 0 0 0.03 -0.009 -0.009 0 0 0 0 0 0 0 0 0 0 0 0 0 0 0 0 0 0
301 0.0301 -0.00903 -0.00903 0 0 0 602 -3.72085e-12 -3.72085e-12 0 0 0 0.0301 -0.00903 -0.00903 0 0 0 0 0 0 0 0 0 0 0 0 0 0 0 0 0 0
302 0.0302 -0.00906 -0.00906 0 0 0 604 -4.05049e-12 -4.05049e-12 0 0 0 0.0302 -0.00906 -0.00906 0 0 0 0 0 0 0 0 0 0 0 0 0 0 0 0 0 0
303 0.0303 -0.00909 -0.00909 0 0 0 606 -3.0789e-13 -3.0789e-13 0 0 0 0.0303 -0.00909 -0.00909 0 0 0 0 0 0 0 0 0 0 0 0 0 0 0 0 0 0
304 0.0304 -0.00912 -0.00912 0 0 0 608 3.73868e-12 3.73868e-12 0 0 0 0.0304 -0.00912 -0.00912 0 0 0 0 0 0 0 0 0 0 0 0 0 0 0 0 0 0
305 0.0305 -0.00915 -0.00915 0 0 0 610 4.07383e-12 4.07383e-12 0 0 0 0.0305 -0.00915 -0.00915 0 0 0 0 0 0 0 0 0 0 0 0 0 0 0 0 0 0
306 0.0306 -0.00918 -0.00918 0 0 0 612 2.79892e-13 2.79892e-13 0 0 0 0.0306 -0.00918 -0.00918 0 0 0 0 0 0 0 0 0 0 0 0 0 0 0 0 0 0
307 0.0307 -0.00921 -0.00921 0 0 0 614 -3.76117e-12 -3.76117e-12 0 0 0 0.0307 -0.00921 -0.00921 0 0 0 0 0 0 0 0 0 0 0 0 0 0 0 0 0 0
308 0.0308 -0.00924 -0.00924 0 0 0 616 -4.06412e-12 -4.06412e-12 0 0 0 0.0308 -0.00924 -0.00924 0 0 0 0 0 0 0 0 0 0 0 0 0 0 0 0 0 0
309 0.0309 -0.00927 -0.00927 0 0 0 618 -2.6641e-13 -2.6641e-13 0 0 0 0.0309 -0.00927 -0.00927 0 0 0 0 0 0 0 0 0 0 0 0 0 0 0 0 0 0
310 0.031 -0.0093 -0.0093 0 0 0 620 3.78016e-12 3.78016e-12 0 0 0 0.031 -0.0093 -0.0093 0 0 0 0 0 0 0 0 0 0 0 0 0 0 0 0 0 0
311 0.0311 -0.00933 -0.00933 0 0 0 622 4.0602e-12 4.0602e-12 0 0 0 0.0311 -0.00933 -0.00933 0 0 0 0 0 0 0 0 0 0 0 0 0 0 0 0 0 0
312 0.0312 -0.00936 -0.00936 0 0 0 624 2.39575e-13 2.39575e-13 0 0 0 0.0312 -0.00936 -0.00936 0 0 0 0 0 0 0 0 0 0 0 0 0 0 0 0 0 0
313 0.0313 -0.00939 -0.00939 0 0 0 626 -3.82991e-12 -3.82991e-12 0 0 0 0.0313 -0.00939 -0.00939 0 0 0 0 0 0 0 0 0 0 0 0 0 0 0 0 0 0
314 0.0314 -0.00942 -0.00942 0 0 0 628 -4.07948e-12 -4.07948e-12 0 0 0 0.0314 -0.00942 -0.00942 0 0 0 0 0 0 0 0 0 0 0 0 0 0 0 0 0 0
315 0.0315 -0.00945 -0.00945 0 0 0 630 -1.98242e-13 -1.98242e-13 0 0 0 0.0315 -0.00945 -0.00945 0 0 0 0 0 0 0 0 0 0 0 0 0 0 0 0 0 0
316 0.0316 -0.00948 -0.00948 0 0 0 632 3.84833e-12 3.84833e-12 0 0 0 0.0316 -0.00948 -0.00948 0 0 0 0 0 0 0 0 0 0 0 0 0 0 0 0 0 0
317 0.0317 -0.00951 -0.00951 0 0 0 634 4.09821e-12 4.09821e-12 0 0 0 0.0317 -0.00951 -0.00951 0 0 0 0 0 0 0 0 0 0 0 0 0 0 0 0 0 0
318 0.0318 -0.00954 -0.00954 0 0 0 636 2.22478e-13 2.22478e-13 0 0 0 0.0318 -0.00954 -0.00954 0 0 0 0 0 0 0 0 0 0 0 0 0 0 0 0 0 0
319 0.0319 -0.00957 -0.00957 0 0 0 638 -3.87716e-12 -3.87716e-12 0 0 0 0.0319 -0.00957 -0.00957 0 0 0 0 0 0 0 0 0 0 0 0 0 0 0 0 0 0
320 0.032 -0.0096 -0.0096 0 0 0 640 -4.09658e-12 -4.09658e-12 0 0 0 0.032 -0.0096 -0.0096 0 0 0 0 0 0 0 0 0 0 0 0 0 0 0 0 0 0
321 0.0321 -0.00963 -0.00963 0 0 0 642 -2.15339e-13 -2.15339e-13 0 0 0 0.0321 -0.00963 -0.00963 0 0 0 0 0 0 0 0 0 0 0 0 0 0 0 0 0 0
322 0.0322 -0.00966 -0.00966 0 0 0 644 3.80108e-12 3.80108e-12 0 0 0 0.0322 -0.00966 -0.00966 0 0 0 0 0 0 0 0 0 0 0 0 0 0 0 0 0 0
323 0.0323 -0.00969 -0.00969 0 0 0 646 4.08111e-12 4.08111e-12 0 0 0 0.0323 -0.00969 -0.00969 0 0 0 0 0 0 0 0 0 0 0 0 0 0 0 0 0 0
324 0.0324 -0.00972 -0.00972 0 0 0 648 2.30335e-13 2.30335e-13 0 0 0 0.0324 -0.00972 -0.00972 0 0 0 0 0 0 0 0 0 0 0 0 0 0 0 0 0 0
325 0.0325 -0.00975 -0.00975 0 0 0 650 -3.86757e-12 -3.86757e-12 0 0 0 0.0325 -0.00975 -0.00975 0 0 0 0 0 0 0 0 0 0 0 0 0 0 0 0 0 0
326 0.0326 -0.00978 -0.00978 0 0 0 652 -4.11714e-12 -4.11714e-12 0 0 0 0.0326 -0.00978 -0.00978 0 0 0 0 0 0 0 0 0 0 0 0 0 0 0 0 0 0
327 0.0327 -0.00981 -0.00981 0 0 0 654 -1.52372e-13 -1.52372e-13 0 0 0 0.0327 -0.00981 -0.00981 0 0 0 0 0 0 0 0 0 0 0 0 0 0 0 0 0 0
328 0.0328 -0.00984 -0.00984 0 0 0 656 3.92262e-12 3.92262e-12 0 0 0 0.0328 -0.00984 -0.00984 0 0 0 0 0 0 0 0 0 0 0 0 0 0 0 0 0 0
329 0.0329 -0.00987 -0.00987 0 0 0 658 3.97702e-12 3.97702e-12 0 0 0 0.0329 -0.00987 -0.00987 0 0 0 0 0 0 0 0 0 0 0 0 0 0 0 0 0 0
330 0.033 -0.0099 -0.0099 0 0 0 660 1.01285e-13 1.01285e-13 0 0 0 0.033 -0.0099 -0.0099 0 0 0 0 0 0 0 0 0 0 0 0 0 0 0 0 0 0
331 0.0331 -0.00993 -0.00993 0 0 0 662 -3.83129e-12 -3.83129e-12 0 0 0 0.0331 -0.00993 -0.00993 0 0 0 0 0 0 0 0 0 0 0 0 0 0 0 0 0 0
332 0.0332 -0.00996 -0.00996 0 0 0 664 -3.9956e-12 -3.9956e-12 0 0 0 0.0332 -0.00996 -0.00996 0 0 0 0 0 0 0 0 0 0 0 0 0 0 0 0 0 0
333 0.0333 -0.00999 -0.00999 0 0 0 666 -1.71202e-13 -1.71202e-13 0 0 0 0.0333 -0.00999 -0.00999 0 0 0 0 0 0 0 0 0 0 0 0 0 0 0 0 0 0
334 0.0334 -0.01002 -0.01002 0 0 0 668 3.90206e-12 3.90206e-12 0 0 0 0.0334 -0.01002 -0.01002 0 0 0 0 0 0 0 0 0 0 0 0 0 0 0 0 0 0
335 0.0335 -0.01005 -0.01005 0 0 0 670 4.04345e-12 4.04345e-12 0 0 0 0.0335 -0.01005 -0.01005 0 0 0 0 0 0 0 0 0 0 0 0 0 0 0 0 0 0
336 0.0336 -0.01008 -0.01008 0 0 0 672 1.09142e-13 1.09142e-13 0 0 0 0.0336 -0.01008 -0.01008 0 0 0 0 0 0 0 0 0 0 0 0 0 0 0 0 0 0
337 0.0337 -0.01011 -0.01011 0 0 0 674 -3.87681e-12 -3.87681e-12 0 0 0 0.0337 -0.01011 -0.01011 0 0 0 0 0 0 0 0 0 0 0 0 0 0 0 0 0 0
338 0.0338 -0.01014 -0.01014 0 0 0 676 -4.04285e-12 -4.04285e-12 0 0 0 0.0338 -0.01014 -0.01014 0 0 0 0 0 0 0 0 0 0 0 0 0 0 0 0 0 0
339 0.0339 -0.01017 -0.01017 0 0 0 678 -1.61611e-13 -1.61611e-13 0 0 0 0.0339 -0.01017 -0.01017 0 0 0 0 0 0 0 0 0 0 0 0 0 0 0 0 0 0
340 0.034 -0.0102 -0.0102 0 0 0 680 3.80143e-12 3.80143e-12 0 0 0 0.034 -0.0102 -0.0102 0 0 0 0 0 0 0 0 0 0 0 0 0 0 0 0 0 0
341 0.0341 -0.01023 -0.01023 0 0 0 682 3.93936e-12 3.93936e-12 0 0 0 0.0341 -0.01023 -0.01023 0 0 0 0 0 0 0 0 0 0 0 0 0 0 0 0 0 0
342 0.0342 -0.01026 -0.01026 0 0 0 684 2.30686e-13 2.30686e-13 0 0 0 0.0342 -0.01026 -0.01026 0 0 0 0 0 0 0 0 0 0 0 0 0 0 0 0 0 0
343 0.0343 -0.01029 -0.01029 0 0 0 686 -3.75873e-12 -3.75873e-12 0 0 0 0.0343 -0.01029 -0.01029 0 0 0 0 0 0 0 0 0 0 0 0 0 0 0 0 0 0
344 0.0344 -0.01032 -0.01032 0 0 0 688 -3.97815e-12 -3.97815e-12 0 0 0 0.0344 -0.01032 -0.01032 0 0 0 0 0 0 0 0 0 0 0 0 0 0 0 0 0 0
345 0.0345 -0.01035 -0.01035 0 0 0 690 -1.80442e-13 -1.80442e-13 0 0 0 0.0345 -0.01035 -0.01035 0 0 0 0 0 0 0 0 0 0 0 0 0 0 0 0 0 0
346 0.0346 -0.01038 -0.01038 0 0 0 692 3.78086e-12 3.78086e-12 0 0 0 0.0346 -0.01038 -0.01038 0 0 0 0 0 0 0 0 0 0 0 0 0 0 0 0 0 0
347 0.0347 -0.01041 -0.01041 0 0 0 694 4.00579e-12 4.00579e-12 0 0 0 0.0347 -0.01041 -0.01041 0 0 0 0 0 0 0 0 0 0 0 0 0 0 0 0 0 0
348 0.0348 -0.01044 -0.01044 0 0 0 696 1.55012e-13 1.55012e-13 0 0 0 0.0348 -0.01044 -0.01044 0 0 0 0 0 0 0 0 0 0 0 0 0 0 0 0 0 0
349 0.0349 -0.01047 -0.01047 0 0 0 698 -3.85936e-12 -3.85936e-12 0 0 0 0.0349 -0.01047 -0.01047 0 0 0 0 0 0 0 0 0 0 0 0 0 0 0 0 0 0
350 0.035 -0.0105 -0.0105 0 0 0 700 -3.99698e-12 -3.99698e-12 0 0 0 0.035 -0.0105 -0.0105 0 0 0 0 0 0 0 0 0 0 0 0 0 0 0 0 0 0
351 0.0351 -0.01053 -0.01053 0 0 0 702 -1.44163e-13 -1.44163e-13 0 0 0 0.0351 -0.01053 -0.01053 0 0 0 0 0 0 0 0 0 0 0 0 0 0 0 0 0 0
352 0.0352 -0.01056 -0.01056 0 0 0 704 3.8473e-12 3.8473e-12 0 0 0 0.0352 -0.01056 -0.01056 0 0 0 0 0 0 0 0 0 0 0 0 0 0 0 0 0 0
353 0.0353 -0.01059 -0.01059 0 0 0 706 4.01365e-12 4.01365e-12 0 0 0 0.0353 -0.01059 -0.01059 0 0 0 0 0 0 0 0 0 0 0 0 0 0 0 0 0 0
354 0.0354 -0.01062 -0.01062 0 0 0 708 1.93025e-13 1.93025e-13 0 0 0 0.0354 -0.01062 -0.01062 0 0 0 0 0 0 0 0 0 0 0 0 0 0 0 0 0 0
355 0.0355 -0.01065 -0.01065 0 0 0 710 -3.82308e-12 -3.82308e-12 0 0 0 0.0355 -0.01065 -0.01065 0 0 0 0 0 0 0 0 0 0 0 0 0 0 0 0 0 0
356 0.0356 -0.01068 -0.01068 0 0 0 712 -4.0425e-12 -4.0425e-12 0 0 0 0.0356 -0.01068 -0.01068 0 0 0 0 0 0 0 0 0 0 0 0 0 0 0 0 0 0
357 0.0357 -0.01071 -0.01071 0 0 0 714 -2.18103e-13 -2.18103e-13 0 0 0 0.0357 -0.01071 -0.01071 0 0 0 0 0 0 0 0 0 0 0 0 0 0 0 0 0 0
358 0.0358 -0.01074 -0.01074 0 0 0 716 3.85516e-12 3.85516e-12 0 0 0 0.0358 -0.01074 -0.01074 0 0 0 0 0 0 0 0 0 0 0 0 0 0 0 0 0 0
359 0.0359 -0.01077 -0.01077 0 0 0 718 4.02324e-12 4.02324e-12 0 0 0 0.0359 -0.01077 -0.01077 0 0 0 0 0 0 0 0 0 0 0 0 0 0 0 0 0 0
360 0.036 -0.0108 -0.0108 0 0 0 720 2.29304e-13 2.29304e-13 0 0 0 0.036 -0.0108 -0.0108 0 0 0 0 0 0 0 0 0 0 0 0 0 0 0 0 0 0
361 0.0361 -0.01083 -0.01083 0 0 0 722 -3.89702e-12 -3.89702e-12 0 0 0 0.0361 -0.01083 -0.01083 0 0 0 0 0 0 0 0 0 0 0 0 0 0 0 0 0 0
362 0.0362 -0.01086 -0.01086 0 0 0 724 -4.11644e-12 -4.11644e-12 0 0 0 0.0362 -0.01086 -0.01086 0 0 0 0 0 0 0 0 0 0 0 0 0 0 0 0 0 0
363 0.0363 -0.01089 -0.01089 0 0 0 726 -1.81824e-13 -1.81824e-13 0 0 0 0.0363 -0.01089 -0.01089 0 0 0 0 0 0 0 0 0 0 0 0 0 0 0 0 0 0
364 0.0364 -0.01092 -0.01092 0 0 0 728 3.91986e-12 3.91986e-12 0 0 0 0.0364 -0.01092 -0.01092 0 0 0 0 0 0 0 0 0 0 0 0 0 0 0 0 0 0
365 0.0365 -0.01095 -0.01095 0 0 0 730 4.11463e-12 4.11463e-12 0 0 0 0.0365 -0.01095 -0.01095 0 0 0 0 0 0 0 0 0 0 0 0 0 0 0 0 0 0
366 0.0366 -0.01098 -0.01098 0 0 0 732 1.55364e-13 1.55364e-13 0 0 0 0.0366 -0.01098 -0.01098 0 0 0 0 0 0 0 0 0 0 0 0 0 0 0 0 0 0
367 0.0367 -0.01101 -0.01101 0 0 0 734 -3.91585e-12 -3.91585e-12 0 0 0 0.0367 -0.01101 -0.01101 0 0 0 0 0 0 0 0 0 0 0 0 0 0 0 0 0 0
368 0.0368 -0.01104 -0.01104 0 0 0 736 -4.13527e-12 -4.13527e-12 0 0 0 0.0368 -0.01104 -0.01104 0 0 0 0 0 0 0 0 0 0 0 0 0 0 0 0 0 0
369 0.0369 -0.01107 -0.01107 0 0 0 738 -2.27343e-13 -2.27343e-13 0 0 0 0.0369 -0.01107 -0.01107 0 0 0 0 0 0 0 0 0 0 0 0 0 0 0 0 0 0
370 0.037 -0.0111 -0.0111 0 0 0 740 3.95614e-12 3.95614e-12 0 0 0 0.037 -0.0111 -0.0111 0 0 0 0 0 0 0 0 0 0 0 0 0 0 0 0 0 0
371 0.0371 -0.01113 -0.01113 0 0 0 742 4.23617e-12 4.23617e-12 0 0 0 0.0371 -0.01113 -0.01113 0 0 0 0 0 0 0 0 0 0 0 0 0 0 0 0 0 0
372 0.0372 -0.01116 -0.01116 0 0 0 744 2.46753e-13 2.46753e-13 0 0 0 0.0372 -0.01116 -0.01116 0 0 0 0 0 0 0 0 0 0 0 0 0 0 0 0 0 0
373 0.0373 -0.01119 -0.01119 0 0 0 746 -3.96137e-12 -3.96137e-12 0 0 0 0.0373 -0.01119 -0.01119 0 0 0 0 0 0 0 0 0 0 0 0 0 0 0 0 0 0
374 0.0374 -0.01122 -0.01122 0 0 0 748 -4.2359e-12 -4.2359e-12 0 0 0 0.0374 -0.01122 -0.01122 0 0 0 0 0 0 0 0 0 0 0 0 0 0 0 0 0 0
375 0.0375 -0.01125 -0.01125 0 0 0 750 -2.46173e-13 -2.46173e-13 0 0 0 0.0375 -0.01125 -0.01125 0 0 0 0 0 0 0 0 0 0 0 0 0 0 0 0 0 0
376 0.0376 -0.01128 -0.01128 0 0 0 752 3.8822e-12 3.8822e-12 0 0 0 0.0376 -0.01128 -0.01128 0 0 0 0 0 0 0 0 0 0 0 0 0 0 0 0 0 0
377 0.0377 -0.01131 -0.01131 0 0 0 754 4.21561e-12 4.21561e-12 0 0 0 0.0377 -0.01131 -0.01131 0 0 0 0 0 0 0 0 0 0 0 0 0 0 0 0 0 0
378 0.0378 -0.01134 -0.01134 0 0 0 756 3.68297e-13 3.68297e-13 0 0 0 0.0378 -0.01134 -0.01134 0 0 0 0 0 0 0 0 0 0 0 0 0 0 0 0 0 0
379 0.0379 -0.01137 -0.01137 0 0 0 758 -3.89841e-12 -3.89841e-12 0 0 0 0.0379 -0.01137 -0.01137 0 0 0 0 0 0 0 0 0 0 0 0 0 0 0 0 0 0
380 0.038 -0.0114 -0.0114 0 0 0 760 -4.22804e-12 -4.22804e-12 0 0 0 0.038 -0.0114 -0.0114 0 0 0 0 0 0 0 0 0 0 0 0 0 0 0 0 0 0
381 0.0381 -0.01143 -0.01143 0 0 0 762 -3.75224e-13 -3.75224e-13 0 0 0 0.0381 -0.01143 -0.01143 0 0 0 0 0 0 0 0 0 0 0 0 0 0 0 0 0 0
382 0.0382 -0.01146 -0.01146 0 0 0 764 3.89179e-12 3.89179e-12 0 0 0 0.0382 -0.01146 -0.01146 0 0 0 0 0 0 0 0 0 0 0 0 0 0 0 0 0 0
383 0.0383 -0.01149 -0.01149 0 0 0 766 4.19851e-12 4.19851e-12 0 0 0 0.0383 -0.01149 -0.01149 0 0 0 0 0 0 0 0 0 0 0 0 0 0 0 0 0 0
384 0.0384 -0.01152 -0.01152 0 0 0 768 2.64201e-13 2.64201e-13 0 0 0 0.0384 -0.01152 -0.01152 0 0 0 0 0 0 0 0 0 0 0 0 0 0 0 0 0 0
385 0.0385 -0.01155 -0.01155 0 0 0 770 -3.86039e-12 -3.86039e-12 0 0 0 0.0385 -0.01155 -0.01155 0 0 0 0 0 0 0 0 0 0 0 0 0 0 0 0 0 0
386 0.0386 -0.01158 -0.01158 0 0 0 772 -4.16334e-12 -4.16334e-12 0 0 0 0.0386 -0.01158 -0.01158 0 0 0 0 0 0 0 0 0 0 0 0 0 0 0 0 0 0
387 0.0387 -0.01161 -0.01161 0 0 0 774 -2.28725e-13 -2.28725e-13 0 0 0 0.0387 -0.01161 -0.01161 0 0 0 0 0 0 0 0 0 0 0 0 0 0 0 0 0 0
388 0.0388 -0.01164 -0.01164 0 0 0 776 3.87296e-12 3.87296e-12 0 0 0 0.0388 -0.01164 -0.01164 0 0 0 0 0 0 0 0 0 0 0 0 0 0 0 0 0 0
389 0.0389 -0.01167 -0.01167 0 0 0 778 4.12284e-12 4.12284e-12 0 0 0 0.0389 -0.01167 -0.01167 0 0 0 0 0 0 0 0 0 0 0 0 0 0 0 0 0 0
390 0.039 -0.0117 -0.0117 0 0 0 780 2.47104e-13 2.47104e-13 0 0 0 0.039 -0.0117 -0.0117 0 0 0 0 0 0 0 0 0 0 0 0 0 0 0 0 0 0
391 0.0391 -0.01173 -0.01173 0 0 0 782 -3.87749e-12 -3.87749e-12 0 0 0 0.0391 -0.01173 -0.01173 0 0 0 0 0 0 0 0 0 0 0 0 0 0 0 0 0 0
392 0.0392 -0.01176 -0.01176 0 0 0 784 -4.15375e-12 -4.15375e-12 0 0 0 0.0392 -0.01176 -0.01176 0 0 0 0 0 0 0 0 0 0 0 0 0 0 0 0 0 0
393 0.0393 -0.01179 -0.01179 0 0 0 786 -3.29353e-13 -3.29353e-13 0 0 0 0.0393 -0.01179 -0.01179 0 0 0 0 0 0 0 0 0 0 0 0 0 0 0 0 0 0
394 0.0394 -0.01182 -0.01182 0 0 0 788 3.88255e-12 3.88255e-12 0 0 0 0.0394 -0.01182 -0.01182 0 0 0 0 0 0 0 0 0 0 0 0 0 0 0 0 0 0
395 0.0395 -0.01185 -0.01185 0 0 0 790 4.18927e-12 4.18927e-12 0 0 0 0.0395 -0.01185 -0.01185 0 0 0 0 0 0 0 0 0 0 0 0 0 0 0 0 0 0
396 0.0396 -0.01188 -0.01188 0 0 0 792 2.2654e-13 2.2654e-13 0 0 0 0.0396 -0.01188 -0.01188 0 0 0 0 0 0 0 0 0 0 0 0 0 0 0 0 0 0
397 0.0397 -0.01191 -0.01191 0 0 0 794 -3.89805e-12 -3.89805e-12 0 0 0 0.0397 -0.01191 -0.01191 0 0 0 0 0 0 0 0 0 0 0 0 0 0 0 0 0 0
398 0.0398 -0.01194 -0.01194 0 0 0 796 -4.201e-12 -4.201e-12 0 0 0 0.0398 -0.01194 -0.01194 0 0 0 0 0 0 0 0 0 0 0 0 0 0 0 0 0 0
399 0.0399 -0.01197 -0.01197 0 0 0 798 -2.66386e-13 -2.66386e-13 0 0 0 0.0399 -0.01197 -0.01197 0 0 0 0 0 0 0 0 0 0 0 0 0 0 0 0 0 0
400 0.04 -0.012 -0.012 0 0 0 800 3.91883e-12 3.91883e-12 0 0 0 0.04 -0.012 -0.012 0 0 0 0 0 0 0 0 0 0 0 0 0 0 0 0 0 0
401 0.0401 -0.01203 -0.01203 0 0 0 802 4.16871e-12 4.16871e-12 0 0 0 0.0401 -0.01203 -0.01203 0 0 0 0 0 0 0 0 0 0 0 0 0 0 0 0 0 0
402 0.0402 -0.01206 -0.01206 0 0 0 804 2.09443e-13 2.09443e-13 0 0 0 0.0402 -0.01206 -0.01206 0 0 0 0 0 0 0 0 0 0 0 0 0 0 0 0 0 0
403 0.0403 -0.01209 -0.01209 0 0 0 806 -3.88673e-12 -3.88673e-12 0 0 0 0.0403 -0.01209 -0.01209 0 0 0 0 0 0 0 0 0 0 0 0 0 0 0 0 0 0
404 0.0404 -0.01212 -0.01212 0 0 0 808 -4.19141e-12 -4.19141e-12 0 0 0 0.0404 -0.01212 -0.01212 0 0 0 0 0 0 0 0 0 0 0 0 0 0 0 0 0 0
405 0.0405 -0.01215 -0.01215 0 0 0 810 -3.40327e-13 -3.40327e-13 0 0 0 0.0405 -0.01215 -0.01215 0 0 0 0 0 0 0 0 0 0 0 0 0 0 0 0 0 0
406 0.0406 -0.01218 -0.01218 0 0 0 812 3.89826e-12 3.89826e-12 0 0 0 0.0406 -0.01218 -0.01218 0 0 0 0 0 0 0 0 0 0 0 0 0 0 0 0 0 0
407 0.0407 -0.01221 -0.01221 0 0 0 814 4.23341e-12 4.23341e-12 0 0 0 0.0407 -0.01221 -0.01221 0 0 0 0 0 0 0 0 0 0 0 0 0 0 0 0 0 0
408 0.0408 -0.01224 -0.01224 0 0 0 816 4.12785e-13 4.12785e-13 0 0 0 0.0408 -0.01224 -0.01224 0 0 0 0 0 0 0 0 0 0 0 0 0 0 0 0 0 0
409 0.0409 -0.01227 -0.01227 0 0 0 818 -3.90729e-12 -3.90729e-12 0 0 0 0.0409 -0.01227 -0.01227 0 0 0 0 0 0 0 0 0 0 0 0 0 0 0 0 0 0
410 0.041 -0.0123 -0.0123 0 0 0 820 -4.26535e-12 -4.26535e-12 0 0 0 0.041 -0.0123 -0.0123 0 0 0 0 0 0 0 0 0 0 0 0 0 0 0 0 0 0
411 0.0411 -0.01233 -0.01233 0 0 0 822 -3.02314e-13 -3.02314e-13 0 0 0 0.0411 -0.01233 -0.01233 0 0 0 0 0 0 0 0 0 0 0 0 0 0 0 0 0 0
412 0.0412 -0.01236 -0.01236 0 0 0 824 3.79763e-12 3.79763e-12 0 0 0 0.0412 -0.01236 -0.01236 0 0 0 0 0 0 0 0 0 0 0 0 0 0 0 0 0 0
413 0.0413 -0.01239 -0.01239 0 0 0 826 4.243e-12 4.243e-12 0 0 0 0.0413 -0.01239 -0.01239 0 0 0 0 0 0 0 0 0 0 0 0 0 0 0 0 0 0
414 0.0414 -0.01242 -0.01242 0 0 0 828 3.10423e-13 3.10423e-13 0 0 0 0.0414 -0.01242 -0.01242 0 0 0 0 0 0 0 0 0 0 0 0 0 0 0 0 0 0
415 0.0415 -0.01245 -0.01245 0 0 0 830 -3.8977e-12 -3.8977e-12 0 0 0 0.0415 -0.01245 -0.01245 0 0 0 0 0 0 0 0 0 0 0 0 0 0 0 0 0 0
416 0.0416 -0.01248 -0.01248 0 0 0 832 -4.17396e-12 -4.17396e-12 0 0 0 0.0416 -0.01248 -0.01248 0 0 0 0 0 0 0 0 0 0 0 0 0 0 0 0 0 0
417 0.0417 -0.01251 -0.01251 0 0 0 834 -3.77988e-13 -3.77988e-13 0 0 0 0.0417 -0.01251 -0.01251 0 0 0 0 0 0 0 0 0 0 0 0 0 0 0 0 0 0
418 0.0418 -0.01254 -0.01254 0 0 0 836 3.8606e-12 3.8606e-12 0 0 0 0.0418 -0.01254 -0.01254 0 0 0 0 0 0 0 0 0 0 0 0 0 0 0 0 0 0
419 0.0419 -0.01257 -0.01257 0 0 0 838 4.3077e-12 4.3077e-12 0 0 0 0.0419 -0.01257 -0.01257 0 0 0 0 0 0 0 0 0 0 0 0 0 0 0 0 0 0
420 0.042 -0.0126 -0.0126 0 0 0 840 3.48435e-13 3.48435e-13 0 0 0 0.042 -0.0126 -0.0126 0 0 0 0 0 0 0 0 0 0 0 0 0 0 0 0 0 0
421 0.0421 -0.01263 -0.01263 0 0 0 842 -3.94495e-12 -3.94495e-12 0 0 0 0.0421 -0.01263 -0.01263 0 0 0 0 0 0 0 0 0 0 0 0 0 0 0 0 0 0
422 0.0422 -0.01266 -0.01266 0 0 0 844 -4.30301e-12 -4.30301e-12 0 0 0 0.0422 -0.01266 -0.01266 0 0 0 0 0 0 0 0 0 0 0 0 0 0 0 0 0 0
423 0.0423 -0.01269 -0.01269 0 0 0 846 -3.13287e-13 -3.13287e-13 0 0 0 0.0423 -0.01269 -0.01269 0 0 0 0 0 0 0 0 0 0 0 0 0 0 0 0 0 0
424 0.0424 -0.01272 -0.01272 0 0 0 848 3.98388e-12 3.98388e-12 0 0 0 0.0424 -0.01272 -0.01272 0 0 0 0 0 0 0 0 0 0 0 0 0 0 0 0 0 0
425 0.0425 -0.01275 -0.01275 0 0 0 850 4.23376e-12 4.23376e-12 0 0 0 0.0425 -0.01275 -0.01275 0 0 0 0 0 0 0 0 0 0 0 0 0 0 0 0 0 0
426 0.0426 -0.01278 -0.01278 0 0 0 852 1.62542e-13 1.62542e-13 0 0 0 0.0426 -0.01278 -0.01278 0 0 0 0 0 0 0 0 0 0 0 0 0 0 0 0 0 0
427 0.0427 -0.01281 -0.01281 0 0 0 854 -3.93363e-12 -3.93363e-12 0 0 0 0.0427 -0.01281 -0.01281 0 0 0 0 0 0 0 0 0 0 0 0 0 0 0 0 0 0
428 0.0428 -0.01284 -0.01284 0 0 0 856 -4.21163e-12 -4.21163e-12 0 0 0 0.0428 -0.01284 -0.01284 0 0 0 0 0 0 0 0 0 0 0 0 0 0 0 0 0 0
429 0.0429 -0.01287 -0.01287 0 0 0 858 -1.91743e-13 -1.91743e-13 0 0 0 0.0429 -0.01287 -0.01287 0 0 0 0 0 0 0 0 0 0 0 0 0 0 0 0 0 0
430 0.043 -0.0129 -0.0129 0 0 0 860 3.96331e-12 3.96331e-12 0 0 0 0.043 -0.0129 -0.0129 0 0 0 0 0 0 0 0 0 0 0 0 0 0 0 0 0 0
431 0.0431 -0.01293 -0.01293 0 0 0 862 4.1314e-12 4.1314e-12 0 0 0 0.0431 -0.01293 -0.01293 0 0 0 0 0 0 0 0 0 0 0 0 0 0 0 0 0 0
432 0.0432 -0.01296 -0.01296 0 0 0 864 2.00555e-13 2.00555e-13 0 0 0 0.0432 -0.01296 -0.01296 0 0 0 0 0 0 0 0 0 0 0 0 0 0 0 0 0 0
433 0.0433 -0.01299 -0.01299 0 0 0 866 -3.98262e-12 -3.98262e-12 0 0 0 0.0433 -0.01299 -0.01299 0 0 0 0 0 0 0 0 0 0 0 0 0 0 0 0 0 0
434 0.0434 -0.01302 -0.01302 0 0 0 868 -4.17361e-12 -4.17361e-12 0 0 0 0.0434 -0.01302 -0.01302 0 0 0 0 0 0 0 0 0 0 0 0 0 0 0 0 0 0
435 0.0435 -0.01305 -0.01305 0 0 0 870 -2.12307e-13 -2.12307e-13 0 0 0 0.0435 -0.01305 -0.01305 0 0 0 0 0 0 0 0 0 0 0 0 0 0 0 0 0 0
436 0.0436 -0.01308 -0.01308 0 0 0 872 3.9729e-12 3.9729e-12 0 0 0 0.0436 -0.01308 -0.01308 0 0 0 0 0 0 0 0 0 0 0 0 0 0 0 0 0 0
437 0.0437 -0.01311 -0.01311 0 0 0 874 4.22279e-12 4.22279e-12 0 0 0 0.0437 -0.01311 -0.01311 0 0 0 0 0 0 0 0 0 0 0 0 0 0 0 0 0 0
438 0.0438 -0.01314 -0.01314 0 0 0 876 2.63522e-13 2.63522e-13 0 0 0 0.0438 -0.01314 -0.01314 0 0 0 0 0 0 0 0 0 0 0 0 0 0 0 0 0 0
439 0.0439 -0.01317 -0.01317 0 0 0 878 -3.9446e-12 -3.9446e-12 0 0 0 0.0439 -0.01317 -0.01317 0 0 0 0 0 0 0 0 0 0 0 0 0 0 0 0 0 0
440 0.044 -0.0132 -0.0132 0 0 0 880 -4.24929e-12 -4.24929e-12 0 0 0 0.044 -0.0132 -0.0132 0 0 0 0 0 0 0 0 0 0 0 0 0 0 0 0 0 0
441 0.0441 -0.01323 -0.01323 0 0 0 882 -3.12936e-13 -3.12936e-13 0 0 0 0.0441 -0.01323 -0.01323 0 0 0 0 0 0 0 0 0 0 0 0 0 0 0 0 0 0
442 0.0442 -0.01326 -0.01326 0 0 0 884 3.92565e-12 3.92565e-12 0 0 0 0.0442 -0.01326 -0.01326 0 0 0 0 0 0 0 0 0 0 0 0 0 0 0 0 0 0
443 0.0443 -0.01329 -0.01329 0 0 0 886 4.23238e-12 4.23238e-12 0 0 0 0.0443 -0.01329 -0.01329 0 0 0 0 0 0 0 0 0 0 0 0 0 0 0 0 0 0
444 0.0444 -0.01332 -0.01332 0 0 0 888 4.13488e-13 4.13488e-13 0 0 0 0.0444 -0.01332 -0.01332 0 0 0 0 0 0 0 0 0 0 0 0 0 0 0 0 0 0
445 0.0445 -0.01335 -0.01335 0 0 0 890 -3.8799e-12 -3.8799e-12 0 0 0 0.0445 -0.01335 -0.01335 0 0 0 0 0 0 0 0 0 0 0 0 0 0 0 0 0 0
446 0.0446 -0.01338 -0.01338 0 0 0 892 -4.34992e-12 -4.34992e-12 0 0 0 0.0446 -0.01338 -0.01338 0 0 0 0 0 0 0 0 0 0 0 0 0 0 0 0 0 0
447 0.0447 -0.01341 -0.01341 0 0 0 894 -3.86876e-13 -3.86876e-13 0 0 0 0.0447 -0.01341 -0.01341 0 0 0 0 0 0 0 0 0 0 0 0 0 0 0 0 0 0
448 0.0448 -0.01344 -0.01344 0 0 0 896 3.93698e-12 3.93698e-12 0 0 0 0.0448 -0.01344 -0.01344 0 0 0 0 0 0 0 0 0 0 0 0 0 0 0 0 0 0
449 0.0449 -0.01347 -0.01347 0 0 0 898 4.21181e-12 4.21181e-12 0 0 0 0.0449 -0.01347 -0.01347 0 0 0 0 0 0 0 0 0 0 0 0 0 0 0 0 0 0
450 0.045 -0.0135 -0.0135 0 0 0 900 4.76455e-13 4.76455e-13 0 0 0 0.045 -0.0135 -0.0135 0 0 0 0 0 0 0 0 0 0 0 0 0 0 0 0 0 0
451 0.0451 -0.01353 -0.01353 0 0 0 902 -3.78678e-12 -3.78678e-12 0 0 0 0.0451 -0.01353 -0.01353 0 0 0 0 0 0 0 0 0 0 0 0 0 0 0 0 0 0
452 0.0452 -0.01356 -0.01356 0 0 0 904 -4.28521e-12 -4.28521e-12 0 0 0 0.0452 -0.01356 -0.01356 0 0 0 0 0 0 0 0 0 0 0 0 0 0 0 0 0 0
453 0.0453 -0.01359 -0.01359 0 0 0 906 -5.15926e-13 -5.15926e-13 0 0 0 0.0453 -0.01359 -0.01359 0 0 0 0 0 0 0 0 0 0 0 0 0 0 0 0 0 0
454 0.0454 -0.01362 -0.01362 0 0 0 908 3.77777e-12 3.77777e-12 0 0 0 0.0454 -0.01362 -0.01362 0 0 0 0 0 0 0 0 0 0 0 0 0 0 0 0 0 0
455 0.0455 -0.01365 -0.01365 0 0 0 910 4.33509e-12 4.33509e-12 0 0 0 0.0455 -0.01365 -0.01365 0 0 0 0 0 0 0 0 0 0 0 0 0 0 0 0 0 0
456 0.0456 -0.01368 -0.01368 0 0 0 912 4.29203e-13 4.29203e-13 0 0 0 0.0456 -0.01368 -0.01368 0 0 0 0 0 0 0 0 0 0 0 0 0 0 0 0 0 0
457 0.0457 -0.01371 -0.01371 0 0 0 914 -3.80908e-12 -3.80908e-12 0 0 0 0.0457 -0.01371 -0.01371 0 0 0 0 0 0 0 0 0 0 0 0 0 0 0 0 0 0
458 0.0458 -0.01374 -0.01374 0 0 0 916 -4.13698e-12 -4.13698e-12 0 0 0 0.0458 -0.01374 -0.01374 0 0 0 0 0 0 0 0 0 0 0 0 0 0 0 0 0 0
459 0.0459 -0.01377 -0.01377 0 0 0 918 -4.24537e-13 -4.24537e-13 0 0 0 0.0459 -0.01377 -0.01377 0 0 0 0 0 0 0 0 0 0 0 0 0 0 0 0 0 0
460 0.046 -0.0138 -0.0138 0 0 0 920 3.64872e-12 3.64872e-12 0 0 0 0.046 -0.0138 -0.0138 0 0 0 0 0 0 0 0 0 0 0 0 0 0 0 0 0 0
461 0.0461 -0.01383 -0.01383 0 0 0 922 4.06567e-12 4.06567e-12 0 0 0 0.0461 -0.01383 -0.01383 0 0 0 0 0 0 0 0 0 0 0 0 0 0 0 0 0 0
462 0.0462 -0.01386 -0.01386 0 0 0 924 4.93903e-13 4.93903e-13 0 0 0 0.0462 -0.01386 -0.01386 0 0 0 0 0 0 0 0 0 0 0 0 0 0 0 0 0 0
463 0.0463 -0.01389 -0.01389 0 0 0 926 -3.71596e-12 -3.71596e-12 0 0 0 0.0463 -0.01389 -0.01389 0 0 0 0 0 0 0 0 0 0 0 0 0 0 0 0 0 0
464 0.0464 -0.01392 -0.01392 0 0 0 928 -4.04559e-12 -4.04559e-12 0 0 0 0.0464 -0.01392 -0.01392 0 0 0 0 0 0 0 0 0 0 0 0 0 0 0 0 0 0
465 0.0465 -0.01395 -0.01395 0 0 0 930 -4.98478e-13 -4.98478e-13 0 0 0 0.0465 -0.01395 -0.01395 0 0 0 0 0 0 0 0 0 0 0 0 0 0 0 0 0 0
466 0.0466 -0.01398 -0.01398 0 0 0 932 3.65831e-12 3.65831e-12 0 0 0 0.0466 -0.01398 -0.01398 0 0 0 0 0 0 0 0 0 0 0 0 0 0 0 0 0 0
467 0.0467 -0.01401 -0.01401 0 0 0 934 4.04684e-12 4.04684e-12 0 0 0 0.0467 -0.01401 -0.01401 0 0 0 0 0 0 0 0 0 0 0 0 0 0 0 0 0 0
468 0.0468 -0.01404 -0.01404 0 0 0 936 3.91541e-13 3.91541e-13 0 0 0 0.0468 -0.01404 -0.01404 0 0 0 0 0 0 0 0 0 0 0 0 0 0 0 0 0 0
469 0.0469 -0.01407 -0.01407 0 0 0 938 -3.62457e-12 -3.62457e-12 0 0 0 0.0469 -0.01407 -0.01407 0 0 0 0 0 0 0 0 0 0 0 0 0 0 0 0 0 0
470 0.047 -0.0141 -0.0141 0 0 0 940 -3.95247e-12 -3.95247e-12 0 0 0 0.047 -0.0141 -0.0141 0 0 0 0 0 0 0 0 0 0 0 0 0 0 0 0 0 0
471 0.0471 -0.01413 -0.01413 0 0 0 942 -4.62199e-13 -4.62199e-13 0 0 0 0.0471 -0.01413 -0.01413 0 0 0 0 0 0 0 0 0 0 0 0 0 0 0 0 0 0
472 0.0472 -0.01416 -0.01416 0 0 0 944 3.444e-12 3.444e-12 0 0 0 0.0472 -0.01416 -0.01416 0 0 0 0 0 0 0 0 0 0 0 0 0 0 0 0 0 0
473 0.0473 -0.01419 -0.01419 0 0 0 946 3.97289e-12 3.97289e-12 0 0 0 0.0473 -0.01419 -0.01419 0 0 0 0 0 0 0 0 0 0 0 0 0 0 0 0 0 0
474 0.0474 -0.01422 -0.01422 0 0 0 948 5.3804e-13 5.3804e-13 0 0 0 0.0474 -0.01422 -0.01422 0 0 0 0 0 0 0 0 0 0 0 0 0 0 0 0 0 0
475 0.0475 -0.01425 -0.01425 0 0 0 950 -3.33596e-12 -3.33596e-12 0 0 0 0.0475 -0.01425 -0.01425 0 0 0 0 0 0 0 0 0 0 0 0 0 0 0 0 0 0
476 0.0476 -0.01428 -0.01428 0 0 0 952 -4.02988e-12 -4.02988e-12 0 0 0 0.0476 -0.01428 -0.01428 0 0 0 0 0 0 0 0 0 0 0 0 0 0 0 0 0 0
477 0.0477 -0.01431 -0.01431 0 0 0 954 -5.62827e-13 -5.62827e-13 0 0 0 0.0477 -0.01431 -0.01431 0 0 0 0 0 0 0 0 0 0 0 0 0 0 0 0 0 0
478 0.0478 -0.01434 -0.01434 0 0 0 956 3.4269e-12 3.4269e-12 0 0 0 0.0478 -0.01434 -0.01434 0 0 0 0 0 0 0 0 0 0 0 0 0 0 0 0 0 0
479 0.0479 -0.01437 -0.01437 0 0 0 958 3.87053e-12 3.87053e-12 0 0 0 0.0479 -0.01437 -0.01437 0 0 0 0 0 0 0 0 0 0 0 0 0 0 0 0 0 0
480 0.048 -0.0144 -0.0144 0 0 0 960 5.77786e-13 5.77786e-13 0 0 0 0.048 -0.0144 -0.0144 0 0 0 0 0 0 0 0 0 0 0 0 0 0 0 0 0 0
481 0.0481 -0.01443 -0.01443 0 0 0 962 -3.38495e-12 -3.38495e-12 0 0 0 0.0481 -0.01443 -0.01443 0 0 0 0 0 0 0 0 0 0 0 0 0 0 0 0 0 0
482 0.0482 -0.01446 -0.01446 0 0 0 964 -3.88165e-12 -3.88165e-12 0 0 0 0.0482 -0.01446 -0.01446 0 0 0 0 0 0 0 0 0 0 0 0 0 0 0 0 0 0
483 0.0483 -0.01449 -0.01449 0 0 0 966 -4.4475e-13 -4.4475e-13 0 0 0 0.0483 -0.01449 -0.01449 0 0 0 0 0 0 0 0 0 0 0 0 0 0 0 0 0 0
484 0.0484 -0.01452 -0.01452 0 0 0 968 3.32454e-12 3.32454e-12 0 0 0 0.0484 -0.01452 -0.01452 0 0 0 0 0 0 0 0 0 0 0 0 0 0 0 0 0 0
485 0.0485 -0.01455 -0.01455 0 0 0 970 3.82675e-12 3.82675e-12 0 0 0 0.0485 -0.01455 -0.01455 0 0 0 0 0 0 0 0 0 0 0 0 0 0 0 0 0 0
486 0.0486 -0.01458 -0.01458 0 0 0 972 4.18581e-13 4.18581e-13 0 0 0 0.0486 -0.01458 -0.01458 0 0 0 0 0 0 0 0 0 0 0 0 0 0 0 0 0 0
487 0.0487 -0.01461 -0.01461 0 0 0 974 -3.29009e-12 -3.29009e-12 0 0 0 0.0487 -0.01461 -0.01461 0 0 0 0 0 0 0 0 0 0 0 0 0 0 0 0 0 0
488 0.0488 -0.01464 -0.01464 0 0 0 976 -3.79026e-12 -3.79026e-12 0 0 0 0.0488 -0.01464 -0.01464 0 0 0 0 0 0 0 0 0 0 0 0 0 0 0 0 0 0
489 0.0489 -0.01467 -0.01467 0 0 0 978 -3.23206e-13 -3.23206e-13 0 0 0 0.0489 -0.01467 -0.01467 0 0 0 0 0 0 0 0 0 0 0 0 0 0 0 0 0 0
490 0.049 -0.0147 -0.0147 0 0 0 980 3.39097e-12 3.39097e-12 0 0 0 0.049 -0.0147 -0.0147 0 0 0 0 0 0 0 0 0 0 0 0 0 0 0 0 0 0
491 0.0491 -0.01473 -0.01473 0 0 0 982 3.69596e-12 3.69596e-12 0 0 0 0.0491 -0.01473 -0.01473 0 0 0 0 0 0 0 0 0 0 0 0 0 0 0 0 0 0
492 0.0492 -0.01476 -0.01476 0 0 0 984 2.91264e-13 2.91264e-13 0 0 0 0.0492 -0.01476 -0.01476 0 0 0 0 0 0 0 0 0 0 0 0 0 0 0 0 0 0
493 0.0493 -0.01479 -0.01479 0 0 0 986 -3.44929e-12 -3.44929e-12 0 0 0 0.0493 -0.01479 -0.01479 0 0 0 0 0 0 0 0 0 0 0 0 0 0 0 0 0 0
494 0.0494 -0.01482 -0.01482 0 0 0 988 -3.6954e-12 -3.6954e-12 0 0 0 0.0494 -0.01482 -0.01482 0 0 0 0 0 0 0 0 0 0 0 0 0 0 0 0 0 0
495 0.0495 -0.01485 -0.01485 0 0 0 990 -2.31817e-13 -2.31817e-13 0 0 0 0.0495 -0.01485 -0.01485 0 0 0 0 0 0 0 0 0 0 0 0 0 0 0 0 0 0
496 0.0496 -0.01488 -0.01488 0 0 0 992 3.34199e-12 3.34199e-12 0 0 0 0.0496 -0.01488 -0.01488 0 0 0 0 0 0 0 0 0 0 0 0 0 0 0 0 0 0
497 0.0497 -0.01491 -0.01491 0 0 0 994 3.64871e-12 3.64871e-12 0 0 0 0.0497 -0.01491 -0.01491 0 0 0 0 0 0 0 0 0 0 0 0 0 0 0 0 0 0
498 0.0498 -0.01494 -0.01494 0 0 0 996 4.09341e-13 4.09341e-13 0 0 0 0.0498 -0.01494 -0.01494 0 0 0 0 0 0 0 0 0 0 0 0 0 0 0 0 0 0
499 0.0499 -0.01497 -0.01497 0 0 0 998 -3.27264e-12 -3.27264e-12 0 0 0 0.0499 -0.01497 -0.01497 0 0 0 0 0 0 0 0 0 0 0 0 0 0 0 0 0 0
500 0.05 -0.015 -0.015 0 0 0 1000 -3.65912e-12 -3.65912e-12 0 0 0 0.05 -0.015 -0.015 0 0 0 0 0 0 0 0 0 0 0 0 0 0 0 0 0 0
501 0.0501 -0.0150491 -0.0150491 0 0 0 1000.09 -1.25178e-10 -1.25792e-10 0 0 0 0.0500044 -0.0150013 -0.0150013 0 0 0 9.56357e-05 8.72854e-05 -4.36427e-05 -4.36427e-05 0 0 0 9.56357e-05 -4.78179e-05 -4.78179e-05 0 0 0 0 0
502 0.0502 -0.0150983 -0.0150983 0 0 0 1000.17 1.9388e-09 1.93827e-09 0 0 0 0.0500084 -0.0150025 -0.0150025 0 0 0 0.000191638 0.000167231 -8.36155e-05 -8.36155e-05 0 0 0 0.000191638 -9.58192e-05 -9.58192e-05 0 0 0 0 0
503 0.0503 -0.0151476 -0.0151476 0 0 0 1000.24 1.41448e-09 1.41445e-09 0 0 0 0.050012 -0.0150036 -0.0150036 0 0 0 0.00028798 0.000240409 -0.000120204 -0.000120204 0 0 0 0.00028798 -0.00014399 -0.00014399 0 0 0 0 0
504 0.0504 -0.0151969 -0.0151969 0 0 0 1000.31 9.89473e-10 9.89553e-10 0 0 0 0.0500154 -0.0150046 -0.0150046 0 0 0 0.000384632 0.000307353 -0.000153677 -0.000153677 0 0 0 0.000384632 -0.000192316 -0.000192316 0 0 0 0 0
505 0.0505 -0.0152463 -0.0152463 0 0 0 1000.37 6.47827e-10 6.48067e-10 0 0 0 0.0500184 -0.0150055 -0.0150055 0 0 0 0.000481572 0.000368563 -0.000184282 -0.000184282 0 0 0 0.000481572 -0.000240786 -0.000240786 0 0 0 0 0
506 0.0506 -0.0152958 -0.0152958 0 0 0 1000.42 5.07091e-10 5.07038e-10 0 0 0 0.0500212 -0.0150064 -0.0150064 0 0 0 0.000578775 0.000424502 -0.000212251 -0.000212251 0 0 0 0.000578775 -0.000289387 -0.000289387 0 0 0 0 0
507 0.0507 -0.0153452 -0.0153452 0 0 0 1000.48 6.1188e-10 6.1188e-10 0 0 0 0.0500238 -0.0150071 -0.0150071 0 0 0 0.00067622 0.000475601 -0.000237801 -0.000237801 0 0 0 0.00067622 -0.00033811 -0.00033811 0 0 0 0 0
508 0.0508 -0.0153948 -0.0153948 0 0 0 1000.52 4.86892e-10 4.86892e-10 0 0 0 0.0500261 -0.0150078 -0.0150078 0 0 0 0.000773887 0.00052226 -0.00026113 -0.00026113 0 0 0 0.000773887 -0.000386944 -0.000386944 0 0 0 0 0
509 0.0509 -0.0154444 -0.0154444 0 0 0 1000.56 2.78986e-10 2.7904e-10 0 0 0 0.0500282 -0.0150085 -0.0150085 0 0 0 0.000871758 0.000564848 -0.000282424 -0.000282424 0 0 0 0.000871758 -0.000435879 -0.000435879 0 0 0 0 0
510 0.051 -0.015494 -0.015494 0 0 0 1000.6 2.27628e-10 2.27521e-10 0 0 0 0.0500302 -0.0150091 -0.0150091 0 0 0 0.000969815 0.000603706 -0.000301853 -0.000301853 0 0 0 0.000969815 -0.000484907 -0.000484907 0 0 0 0 0
511 0.0511 -0.0155436 -0.0155436 0 0 0 1000.64 8.44531e-11 8.43997e-11 0 0 0 0.050032 -0.0150096 -0.0150096 0 0 0 0.00106804 0.000639151 -0.000319576 -0.000319576 0 0 0 0.00106804 -0.000534021 -0.000534021 0 0 0 0 0
512 0.0512 -0.0155933 -0.0155933 0 0 0 1000.67 1.13946e-10 1.13999e-10 0 0 0 0.0500336 -0.0150101 -0.0150101 0 0 0 0.00116643 0.000671473 -0.000335736 -0.000335736 0 0 0 0.00116643 -0.000583213 -0.000583213 0 0 0 0 0
513 0.0513 -0.015643 -0.015643 0 0 0 1000.7 1.0799e-10 1.07856e-10 0 0 0 0.050035 -0.0150105 -0.0150105 0 0 0 0.00126495 0.000700938 -0.000350469 -0.000350469 0 0 0 0.00126495 -0.000632477 -0.000632477 0 0 0 0 0
514 0.0514 -0.0156927 -0.0156927 0 0 0 1000.73 3.51194e-11 3.50927e-11 0 0 0 0.0500364 -0.0150109 -0.0150109 0 0 0 0.00136361 0.000727793 -0.000363896 -0.000363896 0 0 0 0.00136361 -0.000681805 -0.000681805 0 0 0 0 0
515 0.0515 -0.0157425 -0.0157425 0 0 0 1000.75 2.18698e-11 2.18431e-11 0 0 0 0.0500376 -0.0150113 -0.0150113 0 0 0 0.00146239 0.000752263 -0.000376132 -0.000376132 0 0 0 0.00146239 -0.000731193 -0.000731193 0 0 0 0 0
516 0.0516 -0.0157923 -0.0157923 0 0 0 1000.77 1.09244e-10 1.09218e-10 0 0 0 0.0500387 -0.0150116 -0.0150116 0 0 0 0.00156127 0.000774556 -0.000387278 -0.000387278 0 0 0 0.00156127 -0.000780636 -0.000780636 0 0 0 0 0
517 0.0517 -0.0158421 -0.0158421 0 0 0 1000.79 3.47724e-11 3.47457e-11 0 0 0 0.0500397 -0.0150119 -0.0150119 0 0 0 0.00166026 0.000794861 -0.000397431 -0.000397431 0 0 0 0.00166026 -0.000830128 -0.000830128 0 0 0 0 0
518 0.0518 -0.0158919 -0.0158919 0 0 0 1000.81 4.35949e-11 4.36483e-11 0 0 0 0.0500407 -0.0150122 -0.0150122 0 0 0 0.00175933 0.000813353 -0.000406677 -0.000406677 0 0 0 0.00175933 -0.000879666 -0.000879666 0 0 0 0 0
519 0.0519 -0.0159417 -0.0159417 0 0 0 1000.83 3.99994e-11 4.00528e-11 0 0 0 0.0500415 -0.0150125 -0.0150125 0 0 0 0.00185849 0.000830191 -0.000415096 -0.000415096 0 0 0 0.00185849 -0.000929245 -0.000929245 0 0 0 0 0
520 0.052 -0.0159915 -0.0159915 0 0 0 1000.85 5.89936e-11 5.89936e-11 0 0 0 0.0500423 -0.0150127 -0.0150127 0 0 0 0.00195772 0.000845521 -0.00042276 -0.00042276 0 0 0 0.00195772 -0.000978862 -0.000978862 0 0 0 0 0
521 0.0521 -0.0160414 -0.0160414 0 0 0 1000.86 -4.13195e-11 -4.12928e-11 0 0 0 0.050043 -0.0150129 -0.0150129 0 0 0 0.00205703 0.000859475 -0.000429738 -0.000429738 0 0 0 0.00205703 -0.00102851 -0.00102851 0 0 0 0 0
522 0.0522 -0.0160913 -0.0160913 0 0 0 1000.87 -2.76933e-11 -2.76933e-11 0 0 0 0.0500436 -0.0150131 -0.0150131 0 0 0 0.00215639 0.000872176 -0.000436088 -0.000436088 0 0 0 0.00215639 -0.0010782 -0.0010782 0 0 0 0 0
523 0.0523 -0.0161412 -0.0161412 0 0 0 1000.88 5.70554e-12 5.75891e-12 0 0 0 0.0500442 -0.0150133 -0.0150133 0 0 0 0.00225581 0.000883735 -0.000441868 -0.000441868 0 0 0 0.00225581 -0.00112791 -0.00112791 0 0 0 0 0
524 0.0524 -0.0161911 -0.0161911 0 0 0 1000.89 -2.33322e-11 -2.33322e-11 0 0 0 0.0500447 -0.0150134 -0.0150134 0 0 0 0.00235529 0.000894254 -0.000447127 -0.000447127 0 0 0 0.00235529 -0.00117764 -0.00117764 0 0 0 0 0
525 0.0525 -0.016241 -0.016241 0 0 0 1000.9 1.29618e-11 1.29084e-11 0 0 0 0.0500452 -0.0150136 -0.0150136 0 0 0 0.00245481 0.000903826 -0.000451913 -0.000451913 0 0 0 0.00245481 -0.0012274 -0.0012274 0 0 0 0 0
526 0.0526 -0.0162909 -0.0162909 0 0 0 1000.91 3.46753e-11 3.45952e-11 0 0 0 0.0500456 -0.0150137 -0.0150137 0 0 0 0.00255437 0.000912534 -0.000456267 -0.000456267 0 0 0 0.00255437 -0.00127719 -0.00127719 0 0 0 0 0
527 0.0527 -0.0163408 -0.0163408 0 0 0 1000.92 2.61401e-11 2.61401e-11 0 0 0 0.050046 -0.0150138 -0.0150138 0 0 0 0.00265398 0.000920457 -0.000460228 -0.000460228 0 0 0 0.00265398 -0.00132699 -0.00132699 0 0 0 0 0
528 0.0528 -0.0163907 -0.0163907 0 0 0 1000.93 2.76387e-11 2.76387e-11 0 0 0 0.0500464 -0.0150139 -0.0150139 0 0 0 0.00275362 0.000927664 -0.000463832 -0.000463832 0 0 0 0.00275362 -0.00137681 -0.00137681 0 0 0 0 0
529 0.0529 -0.0164407 -0.0164407 0 0 0 1000.93 5.51439e-13 5.24751e-13 0 0 0 0.0500467 -0.015014 -0.015014 0 0 0 0.00285329 0.000934221 -0.00046711 -0.00046711 0 0 0 0.00285329 -0.00142664 -0.00142664 0 0 0 0 0
530 0.053 -0.0164906 -0.0164906 0 0 0 1000.94 1.22669e-11 1.22936e-11 0 0 0 0.050047 -0.0150141 -0.0150141 0 0 0 0.00295299 0.000940184 -0.000470092 -0.000470092 0 0 0 0.00295299 -0.0014765 -0.0014765 0 0 0 0 0
531 0.0531 -0.0165405 -0.0165405 0 0 0 1000.95 1.04869e-11 1.04869e-11 0 0 0 0.0500473 -0.0150142 -0.0150142 0 0 0 0.00305272 0.000945609 -0.000472804 -0.000472804 0 0 0 0.00305272 -0.00152636 -0.00152636 0 0 0 0 0
532 0.0532 -0.0165905 -0.0165905 0 0 0 1000.95 -7.76346e-12 -7.79014e-12 0 0 0 0.0500475 -0.0150143 -0.0150143 0 0 0 0.00315247 0.000950542 -0.000475271 -0.000475271 0 0 0 0.00315247 -0.00157624 -0.00157624 0 0 0 0 0
533 0.0533 -0.0166404 -0.0166404 0 0 0 1000.96 4.13491e-12 4.13491e-12 0 0 0 0.0500478 -0.0150143 -0.0150143 0 0 0 0.00325225 0.000955029 -0.000477515 -0.000477515 0 0 0 0.00325225 -0.00162612 -0.00162612 0 0 0 0 0
534 0.0534 -0.0166904 -0.0166904 0 0 0 1000.96 -8.62387e-14 -1.39615e-13 0 0 0 0.050048 -0.0150144 -0.0150144 0 0 0 0.00335204 0.00095911 -0.000479555 -0.000479555 0 0 0 0.00335204 -0.00167602 -0.00167602 0 0 0 0 0
535 0.0535 -0.0167404 -0.0167404 0 0 0 1000.96 3.36937e-12 3.36937e-12 0 0 0 0.0500481 -0.0150144 -0.0150144 0 0 0 0.00345186 0.000962821 -0.00048141 -0.00048141 0 0 0 0.00345186 -0.00172593 -0.00172593 0 0 0 0 0
536 0.0536 -0.0167903 -0.0167903 0 0 0 1000.97 -6.28444e-12 -6.28444e-12 0 0 0 0.0500483 -0.0150145 -0.0150145 0 0 0 0.00355169 0.000966196 -0.000483098 -0.000483098 0 0 0 0.00355169 -0.00177585 -0.00177585 0 0 0 0 0
537 0.0537 -0.0168403 -0.0168403 0 0 0 1000.97 -8.88225e-12 -8.88225e-12 0 0 0 0.0500485 -0.0150145 -0.0150145 0 0 0 0.00365154 0.000969265 -0.000484632 -0.000484632 0 0 0 0.00365154 -0.00182577 -0.00182577 0 0 0 0 0
538 0.0538 -0.0168903 -0.0168903 0 0 0 1000.97 7.88549e-13 7.88549e-13 0 0 0 0.0500486 -0.0150146 -0.0150146 0 0 0 0.0037514 0.000972055 -0.000486028 -0.000486028 0 0 0 0.0037514 -0.0018757 -0.0018757 0 0 0 0 0
539 0.0539 -0.0169403 -0.0169403 0 0 0 1000.97 2.36942e-12 2.36942e-12 0 0 0 0.0500487 -0.0150146 -0.0150146 0 0 0 0.00385127 0.000974593 -0.000487296 -0.000487296 0 0 0 0.00385127 -0.00192564 -0.00192564 0 0 0 0 0
540 0.054 -0.0169902 -0.0169902 0 0 0 1000.98 1.34115e-13 1.34115e-13 0 0 0 0.0500488 -0.0150147 -0.0150147 0 0 0 0.00395116 0.0009769 -0.00048845 -0.00048845 0 0 0 0.00395116 -0.00197558 -0.00197558 0 0 0 0 0
541 0.0541 -0.0170402 -0.0170402 0 0 0 1000.98 1.79566e-13 2.32942e-13 0 0 0 0.0500489 -0.0150147 -0.0150147 0 0 0 0.00405105 0.000978998 -0.000489499 -0.000489499 0 0 0 0.00405105 -0.00202553 -0.00202553 0 0 0 0 0
542 0.0542 -0.0170902 -0.0170902 0 0 0 1000.98 9.90233e-14 9.90233e-14 0 0 0 0.050049 -0.0150147 -0.0150147 0 0 0 0.00415095 0.000980906 -0.000490453 -0.000490453 0 0 0 0.00415095 -0.00207548 -0.00207548 0 0 0 0 0
543 0.0543 -0.0171402 -0.0171402 0 0 0 1000.98 5.91843e-13 5.91843e-13 0 0 0 0.0500491 -0.0150147 -0.0150147 0 0 0 0.00425087 0.00098264 -0.00049132 -0.00049132 0 0 0 0.00425087 -0.00212543 -0.00212543 0 0 0 0 0
544 0.0544 -0.0171902 -0.0171902 0 0 0 1000.98 4.15094e-12 4.15094e-12 0 0 0 0.0500492 -0.0150148 -0.0150148 0 0 0 0.00435079 0.000984217 -0.000492109 -0.000492109 0 0 0 0.00435079 -0.00217539 -0.00217539 0 0 0 0 0
545 0.0545 -0.0172401 -0.0172401 0 0 0 1000.99 -2.27348e-13 -2.27348e-13 0 0 0 0.0500493 -0.0150148 -0.0150148 0 0 0 0.00445072 0.000985651 -0.000492825 -0.000492825 0 0 0 0.00445072 -0.00222536 -0.00222536 0 0 0 0 0
546 0.0546 -0.0172901 -0.0172901 0 0 0 1000.99 -2.75017e-10 -2.75017e-10 0 0 0 0.0500494 -0.0150148 -0.0150148 0 0 0 0.00455065 0.000987085 -0.000493542 -0.000493542 0 0 0 0.00455065 -0.00227532 -0.00227532 0 0 0 0 0
547 0.0547 -0.0173401 -0.0173401 0 0 0 1000.99 -7.45834e-10 -7.45834e-10 0 0 0 0.0500494 -0.0150148 -0.0150148 0 0 0 0.00465058 0.000988376 -0.000494188 -0.000494188 0 0 0 0.00465058 -0.00232529 -0.00232529 0 0 0 0 0
548 0.0548 -0.0173901 -0.0173901 0 0 0 1000.99 -6.04455e-10 -6.04455e-10 0 0 0 0.0500495 -0.0150148 -0.0150148 0 0 0 0.00475052 0.000989537 -0.000494769 -0.000494769 0 0 0 0.00475052 -0.00237526 -0.00237526 0 0 0 0 0
549 0.0549 -0.0174401 -0.0174401 0 0 0 1000.99 -4.89886e-10 -4.89886e-10 0 0 0 0.0500495 -0.0150149 -0.0150149 0 0 0 0.00485047 0.000990583 -0.000495292 -0.000495292 0 0 0 0.00485047 -0.00242524 -0.00242524 0 0 0 0 0
550 0.055 -0.0174901 -0.0174901 0 0 0 1000.99 -3.97169e-10 -3.97169e-10 0 0 0 0.0500496 -0.0150149 -0.0150149 0 0 0 0.00495042 0.000991524 -0.000495762 -0.000495762 0 0 0 0.00495042 -0.00247521 -0.00247521 0 0 0 0 0
551 0.0551 -0.0175401 -0.0175401 0 0 0 1000.99 -3.21689e-10 -3.21689e-10 0 0 0 0.0500496 -0.0150149 -0.0150149 0 0 0 0.00505038 0.000992371 -0.000496186 -0.000496186 0 0 0 0.00505038 -0.00252519 -0.00252519 0 0 0 0 0
552 0.0552 -0.0175901 -0.0175901 0 0 0 1000.99 -2.60596e-10 -2.60596e-10 0 0 0 0.0500497 -0.0150149 -0.0150149 0 0 0 0.00515034 0.000993134 -0.000496567 -0.000496567 0 0 0 0.00515034 -0.00257517 -0.00257517 0 0 0 0 0
553 0.0553 -0.0176401 -0.0176401 0 0 0 1000.99 -2.11115e-10 -2.11115e-10 0 0 0 0.0500497 -0.0150149 -0.0150149 0 0 0 0.00525031 0.00099382 -0.00049691 -0.00049691 0 0 0 0.00525031 -0.00262515 -0.00262515 0 0 0 0 0
554 0.0554 -0.0176901 -0.0176901 0 0 0 1000.99 -1.71125e-10 -1.71125e-10 0 0 0 0.0500497 -0.0150149 -0.0150149 0 0 0 0.00535028 0.000994438 -0.000497219 -0.000497219 0 0 0 0.00535028 -0.00267514 -0.00267514 0 0 0 0 0
555 0.0555 -0.0177401 -0.0177401 0 0 0 1000.99 -1.38669e-10 -1.38669e-10 0 0 0 0.0500497 -0.0150149 -0.0150149 0 0 0 0.00545025 0.000994994 -0.000497497 -0.000497497 0 0 0 0.00545025 -0.00272513 -0.00272513 0 0 0 0 0
556 0.0556 -0.01779 -0.01779 0 0 0 1001 -1.12337e-10 -1.12337e-10 0 0 0 0.0500498 -0.0150149 -0.0150149 0 0 0 0.00555023 0.000995495 -0.000497747 -0.000497747 0 0 0 0.00555023 -0.00277511 -0.00277511 0 0 0 0 0
557 0.0557 -0.01784 -0.01784 0 0 0 1001 -9.0958e-11 -9.0958e-11 0 0 0 0.0500498 -0.0150149 -0.0150149 0 0 0 0.0056502 0.000995945 -0.000497973 -0.000497973 0 0 0 0.0056502 -0.0028251 -0.0028251 0 0 0 0 0
558 0.0558 -0.01789 -0.01789 0 0 0 1001 -7.36488e-11 -7.36488e-11 0 0 0 0.0500498 -0.0150149 -0.0150149 0 0 0 0.00575018 0.000996351 -0.000498175 -0.000498175 0 0 0 0.00575018 -0.00287509 -0.00287509 0 0 0 0 0
559 0.0559 -0.01794 -0.01794 0 0 0 1001 -5.98929e-11 -5.98929e-11 0 0 0 0.0500498 -0.015015 -0.015015 0 0 0 0.00585016 0.000996715 -0.000498358 -0.000498358 0 0 0 0.00585016 -0.00292508 -0.00292508 0 0 0 0 0
560 0.056 -0.01799 -0.01799 0 0 0 1001 -4.83393e-11 -4.83393e-11 0 0 0 0.0500499 -0.015015 -0.015015 0 0 0 0.00595015 0.000997044 -0.000498522 -0.000498522 0 0 0 0.00595015 -0.00297507 -0.00297507 0 0 0 0 0
561 0.0561 -0.01804 -0.01804 0 0 0 1001 -3.92447e-11 -3.92447e-11 0 0 0 0.0500499 -0.015015 -0.015015 0 0 0 0.00605013 0.000997339 -0.00049867 -0.00049867 0 0 0 0.00605013 -0.00302507 -0.00302507 0 0 0 0 0
562 0.0562 -0.01809 -0.01809 0 0 0 1001 -3.17753e-11 -3.17753e-11 0 0 0 0.0500499 -0.015015 -0.015015 0 0 0 0.00615012 0.000997605 -0.000498803 -0.000498803 0 0 0 0.00615012 -0.00307506 -0.00307506 0 0 0 0 0
563 0.0563 -0.01814 -0.01814 0 0 0 1001 -2.57269e-11 -2.57269e-11 0 0 0 0.0500499 -0.015015 -0.015015 0 0 0 0.00625011 0.000997845 -0.000498922 -0.000498922 0 0 0 0.00625011 -0.00312505 -0.00312505 0 0 0 0 0
564 0.0564 -0.01819 -0.01819 0 0 0 1001 -2.07983e-11 -2.07983e-11 0 0 0 0.0500499 -0.015015 -0.015015 0 0 0 0.0063501 0.00099806 -0.00049903 -0.00049903 0 0 0 0.0063501 -0.00317505 -0.00317505 0 0 0 0 0
565 0.0565 -0.01824 -0.01824 0 0 0 1001 -1.69166e-11 -1.69166e-11 0 0 0 0.0500499 -0.015015 -0.015015 0 0 0 0.00645009 0.000998254 -0.000499127 -0.000499127 0 0 0 0.00645009 -0.00322504 -0.00322504 0 0 0 0 0
566 0.0566 -0.01829 -0.01829 0 0 0 1001 -1.36979e-11 -1.36979e-11 0 0 0 0.0500499 -0.015015 -0.015015 0 0 0 0.00655008 0.000998429 -0.000499214 -0.000499214 0 0 0 0.00655008 -0.00327504 -0.00327504 0 0 0 0 0
567 0.0567 -0.01834 -0.01834 0 0 0 1001 -1.10935e-11 -1.10935e-11 0 0 0 0.0500499 -0.015015 -0.015015 0 0 0 0.00665007 0.000998586 -0.000499293 -0.000499293 0 0 0 0.00665007 -0.00332504 -0.00332504 0 0 0 0 0
568 0.0568 -0.01839 -0.01839 0 0 0 1001 -8.91794e-12 -8.91794e-12 0 0 0 0.0500499 -0.015015 -0.015015 0 0 0 0.00675006 0.000998727 -0.000499364 -0.000499364 0 0 0 0.00675006 -0.00337503 -0.00337503 0 0 0 0 0
569 0.0569 -0.01844 -0.01844 0 0 0 1001 -7.20675e-12 -7.20675e-12 0 0 0 0.0500499 -0.015015 -0.015015 0 0 0 0.00685006 0.000998855 -0.000499427 -0.000499427 0 0 0 0.00685006 -0.00342503 -0.00342503 0 0 0 0 0
570 0.057 -0.01849 -0.01849 0 0 0 1001 -6.04692e-12 -6.04692e-12 0 0 0 0.0500499 -0.015015 -0.015015 0 0 0 0.00695005 0.000998969 -0.000499485 -0.000499485 0 0 0 0.00695005 -0.00347503 -0.00347503 0 0 0 0 0
571 0.0571 -0.01854 -0.01854 0 0 0 1001 -4.78405e-12 -4.78405e-12 0 0 0 0.05005 -0.015015 -0.015015 0 0 0 0.00705005 0.000999072 -0.000499536 -0.000499536 0 0 0 0.00705005 -0.00352502 -0.00352502 0 0 0 0 0
572 0.0572 -0.01859 -0.01859 0 0 0 1001 -3.72583e-12 -3.72583e-12 0 0 0 0.05005 -0.015015 -0.015015 0 0 0 0.00715004 0.000999165 -0.000499582 -0.000499582 0 0 0 0.00715004 -0.00357502 -0.00357502 0 0 0 0 0
573 0.0573 -0.01864 -0.01864 0 0 0 1001 -3.20158e-12 -3.20158e-12 0 0 0 0.05005 -0.015015 -0.015015 0 0 0 0.00725004 0.000999248 -0.000499624 -0.000499624 0 0 0 0.00725004 -0.00362502 -0.00362502 0 0 0 0 0
574 0.0574 -0.01869 -0.01869 0 0 0 1001 -2.48453e-12 -2.48453e-12 0 0 0 0.05005 -0.015015 -0.015015 0 0 0 0.00735003 0.000999324 -0.000499662 -0.000499662 0 0 0 0.00735003 -0.00367502 -0.00367502 0 0 0 0 0
575 0.0575 -0.01874 -0.01874 0 0 0 1001 -2.14372e-12 -2.14372e-12 0 0 0 0.05005 -0.015015 -0.015015 0 0 0 0.00745003 0.000999391 -0.000499696 -0.000499696 0 0 0 0.00745003 -0.00372502 -0.00372502 0 0 0 0 0
576 0.0576 -0.01879 -0.01879 0 0 0 1001 -1.73977e-12 -1.73977e-12 0 0 0 0.05005 -0.015015 -0.015015 0 0 0 0.00755003 0.000999452 -0.000499726 -0.000499726 0 0 0 0.00755003 -0.00377501 -0.00377501 0 0 0 0 0
577 0.0577 -0.01884 -0.01884 0 0 0 1001 -1.38605e-12 -1.38605e-12 0 0 0 0.05005 -0.015015 -0.015015 0 0 0 0.00765002 0.000999507 -0.000499753 -0.000499753 0 0 0 0.00765002 -0.00382501 -0.00382501 0 0 0 0 0
578 0.0578 -0.01889 -0.01889 0 0 0 1001 -1.10295e-12 -1.10295e-12 0 0 0 0.05005 -0.015015 -0.015015 0 0 0 0.00775002 0.000999556 -0.000499778 -0.000499778 0 0 0 0.00775002 -0.00387501 -0.00387501 0 0 0 0 0
579 0.0579 -0.01894 -0.01894 0 0 0 1001 -9.76381e-13 -9.76381e-13 0 0 0 0.05005 -0.015015 -0.015015 0 0 0 0.00785002 0.000999601 -0.0004998 -0.0004998 0 0 0 0.00785002 -0.00392501 -0.00392501 0 0 0 0 0
580 0.058 -0.01899 -0.01899 0 0 0 1001 -6.21417e-13 -6.21417e-13 0 0 0 0.05005 -0.015015 -0.015015 0 0 0 0.00795002 0.000999641 -0.00049982 -0.00049982 0 0 0 0.00795002 -0.00397501 -0.00397501 0 0 0 0 0
581 0.0581 -0.01904 -0.01904 0 0 0 1001 -6.27233e-13 -6.27233e-13 0 0 0 0.05005 -0.015015 -0.015015 0 0 0 0.00805002 0.000999676 -0.000499838 -0.000499838 0 0 0 0.00805002 -0.00402501 -0.00402501 0 0 0 0 0
582 0.0582 -0.01909 -0.01909 0 0 0 1001 -4.404e-13 -4.404e-13 0 0 0 0.05005 -0.015015 -0.015015 0 0 0 0.00815001 0.000999709 -0.000499854 -0.000499854 0 0 0 0.00815001 -0.00407501 -0.00407501 0 0 0 0 0
583 0.0583 -0.01914 -0.01914 0 0 0 1001 -3.47278e-13 -3.47278e-13 0 0 0 0.05005 -0.015015 -0.015015 0 0 0 0.00825001 0.000999738 -0.000499869 -0.000499869 0 0 0 0.00825001 -0.00412501 -0.00412501 0 0 0 0 0
584 0.0584 -0.01919 -0.01919 0 0 0 1001 -3.41274e-13 -3.41274e-13 0 0 0 0.05005 -0.015015 -0.015015 0 0 0 0.00835001 0.000999764 -0.000499882 -0.000499882 0 0 0 0.00835001 -0.00417501 -0.00417501 0 0 0 0 0
585 0.0585 -0.01924 -0.01924 0 0 0 1001 -1.42501e-13 -1.42501e-13 0 0 0 0.05005 -0.015015 -0.015015 0 0 0 0.00845001 0.000999788 -0.000499894 -0.000499894 0 0 0 0.00845001 -0.00422501 -0.00422501 0 0 0 0 0
586 0.0586 -0.01929 -0.01929 0 0 0 1001 -3.29839e-13 -3.29839e-13 0 0 0 0.05005 -0.015015 -0.015015 0 0 0 0.00855001 0.000999809 -0.000499904 -0.000499904 0 0 0 0.00855001 -0.004275 -0.004275 0 0 0 0 0
587 0.0587 -0.01934 -0.01934 0 0 0 1001 -6.64853e-14 -6.64853e-14 0 0 0 0.05005 -0.015015 -0.015015 0 0 0 0.00865001 0.000999828 -0.000499914 -0.000499914 0 0 0 0.00865001 -0.004325 -0.004325 0 0 0 0 0
588 0.0588 -0.01939 -0.01939 0 0 0 1001 -2.28706e-14 -2.28706e-14 0 0 0 0.05005 -0.015015 -0.015015 0 0 0 0.00875001 0.000999845 -0.000499923 -0.000499923 0 0 0 0.00875001 -0.004375 -0.004375 0 0 0 0 0
589 0.0589 -0.01944 -0.01944 0 0 0 1001 -1.96595e-13 -1.96595e-13 0 0 0 0.05005 -0.015015 -0.015015 0 0 0 0.00885001 0.000999861 -0.00049993 -0.00049993 0 0 0 0.00885001 -0.004425 -0.004425 0 0 0 0 0
590 0.059 -0.01949 -0.01949 0 0 0 1001 -1.82068e-13 -1.82068e-13 0 0 0 0.05005 -0.015015 -0.015015 0 0 0 0.00895001 0.000999875 -0.000499937 -0.000499937 0 0 0 0.00895001 -0.004475 -0.004475 0 0 0 0 0
591 0.0591 -0.01954 -0.01954 0 0 0 1001 -1.84126e-13 -1.84126e-13 0 0 0 0.05005 -0.015015 -0.015015 0 0 0 0.00905001 0.000999887 -0.000499944 -0.000499944 0 0 0 0.00905001 -0.004525 -0.004525 0 0 0 0 0
592 0.0592 -0.01959 -0.01959 0 0 0 1001 -1.6995e-14 -1.6995e-14 0 0 0 0.05005 -0.015015 -0.015015 0 0 0 0.00915001 0.000999898 -0.000499949 -0.000499949 0 0 0 0.00915001 -0.004575 -0.004575 0 0 0 0 0
593 0.0593 -0.01964 -0.01964 0 0 0 1001 7.35309e-14 7.35309e-14 0 0 0 0.05005 -0.015015 -0.015015 0 0 0 0.00925 0.000999909 -0.000499954 -0.000499954 0 0 0 0.00925 -0.004625 -0.004625 0 0 0 0 0
594 0.0594 -0.01969 -0.01969 0 0 0 1001 -3.12827e-14 -3.12827e-14 0 0 0 0.05005 -0.015015 -0.015015 0 0 0 0.00935 0.000999918 -0.000499959 -0.000499959 0 0 0 0.00935 -0.004675 -0.004675 0 0 0 0 0
595 0.0595 -0.01974 -0.01974 0 0 0 1001 -9.90665e-15 -9.90665e-15 0 0 0 0.05005 -0.015015 -0.015015 0 0 0 0.00945 0.000999926 -0.000499963 -0.000499963 0 0 0 0.00945 -0.004725 -0.004725 0 0 0 0 0
596 0.0596 -0.01979 -0.01979 0 0 0 1001 9.27207e-14 9.27207e-14 0 0 0 0.05005 -0.015015 -0.015015 0 0 0 0.00955 0.000999933 -0.000499967 -0.000499967 0 0 0 0.00955 -0.004775 -0.004775 0 0 0 0 0
597 0.0597 -0.01984 -0.01984 0 0 0 1001 3.15388e-14 3.15388e-14 0 0 0 0.05005 -0.015015 -0.015015 0 0 0 0.00965 0.00099994 -0.00049997 -0.00049997 0 0 0 0.00965 -0.004825 -0.004825 0 0 0 0 0
598 0.0598 -0.01989 -0.01989 0 0 0 1001 -6.14979e-14 -6.14979e-14 0 0 0 0.05005 -0.015015 -0.015015 0 0 0 0.00975 0.000999946 -0.000499973 -0.000499973 0 0 0 0.00975 -0.004875 -0.004875 0 0 0 0 0
599 0.0599 -0.01994 -0.01994 0 0 0 1001 5.80683e-16 5.80683e-16 0 0 0 0.05005 -0.015015 -0.015015 0 0 0 0.00985 0.000999951 -0.000499976 -0.000499976 0 0 0 0.00985 -0.004925 -0.004925 0 0 0 0 0
600 0.06 -0.01999 -0.01999 0 0 0 1001 -1.01628e-13 -1.01628e-13 0 0 0 0.05005 -0.015015 -0.015015 0 0 0 0.00995 0.000999956 -0.000499978 -0.000499978 0 0 0 0.00995 -0.004975 -0.004975 0 0 0 0 0
